MJD-57216.958185,Flux
0.000000,4167.160539
0.020434,4171.727732
0.040867,4166.929360
0.061301,4168.964587
0.081734,4167.638701
0.102168,4167.742864
0.122602,4171.024063
0.143035,4168.463954
0.163469,4166.043773
0.183902,4169.354828
0.204336,4166.580485
0.224770,4161.816875
0.245203,4162.452867
0.265637,4165.206535
0.286070,4166.152098
0.306504,4168.154137
0.326938,4169.021156
0.347371,4168.366254
0.367805,4169.507096
0.388238,nan
0.408672,nan
0.429106,4175.671461
0.449539,4177.653447
0.469973,4175.730240
0.490407,4175.134667
0.510840,4175.127519
0.531274,4177.820121
0.551707,4178.466611
0.572141,4178.300169
0.592574,4177.613917
0.613008,4174.857840
0.633442,4178.588372
0.653875,4176.141865
0.674309,4176.215815
0.694743,4182.905009
0.715176,4176.066850
0.735610,4175.521324
0.756043,4179.692595
0.776477,4177.959763
0.796911,4178.280679
0.817344,4175.753385
0.837778,4175.453402
0.858211,4176.057156
0.878645,4177.490092
0.899079,4177.688024
0.919512,4178.179901
0.939946,4177.103007
0.960379,4177.645743
0.980813,4175.837201
1.001247,4178.626826
1.021680,4177.073677
1.042114,4177.705099
1.062547,4175.813371
1.082981,4173.972424
1.103415,4170.132454
1.123848,4173.541995
1.144282,4174.978392
1.164715,4172.927484
1.185149,4175.333630
1.205583,4175.552611
1.226016,4175.146592
1.246450,4172.980764
1.266884,4173.102332
1.287317,4173.875283
1.307751,4180.214547
1.328184,4178.635935
1.348618,4173.232681
1.369051,4175.019368
1.389485,4175.654200
1.409919,4176.646571
1.430352,4177.612086
1.450786,4177.225550
1.471220,4179.728781
1.491653,4177.718075
1.512087,4180.449795
1.532520,4178.230056
1.552954,4177.172915
1.573388,4176.964406
1.593821,4175.768906
1.614255,nan
1.634688,nan
1.655122,4174.890217
1.675556,4174.697346
1.695989,4178.113362
1.716423,4178.366304
1.736856,4177.440523
1.757290,4179.184176
1.777724,4178.291584
1.798157,4183.608651
1.818591,4181.899667
1.839024,4182.743417
1.859458,4184.231699
1.879892,4184.118789
1.900325,nan
1.920759,4178.219026
1.941192,4179.540778
1.961626,4177.809333
1.982060,4178.233684
2.002493,4178.451326
2.022927,4175.294324
2.043360,4178.367214
2.063794,4182.504119
2.084228,4179.163666
2.104661,4174.011689
2.125095,4176.963048
2.145528,4177.134093
2.165962,4179.071084
2.186396,4176.084707
2.206829,4178.407339
2.227263,4175.281430
2.247696,4175.851333
2.268130,4175.279641
2.288564,4178.550723
2.308997,4178.188503
2.329431,4176.354554
2.349864,4176.945585
2.370298,4175.323825
2.390732,4172.977414
2.411165,4173.876921
2.431599,4177.733211
2.452032,4176.796571
2.472466,4175.656973
2.492900,4174.698221
2.513333,4173.562800
2.533767,4177.357678
2.554201,4175.485326
2.574634,4172.260874
2.595068,4174.893707
2.615501,4171.755082
2.635935,4169.675707
2.656369,4170.692551
2.676802,4170.319884
2.697236,4171.357133
2.717669,4173.744155
2.738103,4171.812044
2.758537,4172.643116
2.778970,4166.605048
2.799404,4168.481581
2.819837,4172.083037
2.840271,4173.310914
2.860705,4170.979414
2.881138,4171.522914
2.901572,4170.315288
2.922005,4170.497484
2.942439,4170.818503
2.962873,4174.297898
2.983306,4170.033667
3.003740,4174.628297
3.024173,4172.558864
3.044607,4174.765360
3.065041,4173.024129
3.085474,4175.600768
3.105908,4158.424478
3.126341,4181.870720
3.146775,4183.767596
3.167209,4182.686006
3.187642,4184.676995
3.208076,4183.260865
3.228509,4186.392098
3.248943,4182.475479
3.269377,4183.237836
3.289810,4180.313919
3.310244,4181.985216
3.330677,4185.212516
3.351111,4179.746058
3.371545,4182.124671
3.391978,4180.512072
3.412412,4179.496980
3.432845,4178.582056
3.453279,4177.198755
3.473713,4176.730049
3.494146,4177.543605
3.514580,4175.010624
3.535014,4176.623612
3.555447,4179.983450
3.575881,4179.148951
3.596314,4178.064966
3.616748,4180.233645
3.637182,4179.801028
3.657615,4179.900663
3.678049,4179.569147
3.698482,4179.064591
3.718916,4178.423317
3.739349,4179.359602
3.759783,4178.960490
3.780217,4175.732764
3.800650,4176.574165
3.821084,4176.713816
3.841518,4179.574185
3.861951,nan
3.882385,4178.268069
3.902818,4176.855196
3.923252,4177.691587
3.943686,4181.811477
3.964119,4179.743526
3.984553,4178.893694
4.004986,4176.379311
4.025420,4177.315345
4.045854,4179.204016
4.066287,4178.203527
4.086721,4179.035336
4.107155,4174.979671
4.127588,4179.433257
4.148022,4176.630000
4.168455,4177.636996
4.188889,4177.514739
4.209322,4178.805382
4.229756,4176.928731
4.250190,4176.121711
4.270623,4173.941366
4.291057,4173.670250
4.311490,4174.379887
4.331924,4172.481070
4.352358,4175.037428
4.372791,4175.502478
4.393225,4172.806243
4.413658,4172.704525
4.434092,4171.491514
4.454526,4168.438170
4.474959,4170.272455
4.495393,4169.646565
4.515826,4165.800949
4.536260,4170.113047
4.556694,4172.367529
4.577127,4168.830693
4.597561,4167.674881
4.617994,4168.020886
4.638428,4164.330378
4.658862,4163.501666
4.679295,4163.761821
4.699729,4163.519535
4.720162,4163.731055
4.740596,4162.129586
4.761030,4164.861968
4.781463,4161.143680
4.801897,4161.236985
4.822331,4162.832634
4.842764,4160.425353
4.863198,4159.991417
4.883631,4160.264105
4.904065,4160.115191
4.924499,4159.274381
4.944932,4160.236675
4.965366,4156.693611
4.985799,4159.352896
5.006233,4157.885227
5.026667,4158.533570
5.047100,4159.019113
5.067534,4159.307241
5.087967,4180.354790
5.108401,4156.811403
5.128835,4155.626005
5.149268,4156.687676
5.169702,4157.195824
5.190135,4155.281609
5.210569,4154.761436
5.231003,4153.149551
5.251436,4154.719777
5.271870,4152.695663
5.292303,4155.992434
5.312737,4153.137349
5.333171,4152.291184
5.353604,4154.408211
5.374038,4151.891035
5.394471,4155.818120
5.414905,4153.055452
5.435339,4151.441089
5.455772,4152.032094
5.476206,4150.116750
5.496639,4151.479845
5.517073,4155.160418
5.537507,4149.078614
5.557940,4148.530012
5.578374,4151.622196
5.598807,4150.855293
5.619241,4152.156323
5.639675,4149.235512
5.660108,4150.656009
5.680542,4150.638492
5.700975,4149.874045
5.721409,4148.021218
5.741843,4149.269064
5.762276,4149.352625
5.782710,4150.763962
5.803144,4148.827311
5.823577,nan
5.844011,4149.455889
5.864444,4150.759474
5.884878,4149.434989
5.905312,4149.441401
5.925745,4151.573302
5.946179,4151.513086
5.966612,4149.641650
5.987046,4149.173231
6.007479,4151.607313
6.027913,4150.468153
6.048347,4148.316137
6.068780,4152.327909
6.089214,4151.021261
6.109648,4150.870348
6.130081,4148.699253
6.150515,4148.944518
6.170948,4147.966987
6.191382,4147.720968
6.211816,4149.560398
6.232249,4148.079647
6.252683,4148.184071
6.273116,4148.829478
6.293550,4151.252401
6.313984,4147.423199
6.334417,4146.632255
6.354851,4148.545552
6.375284,4146.187852
6.395718,4151.452443
6.416152,4150.815887
6.436585,4148.845884
6.457019,4148.683719
6.477452,4153.487202
6.497886,4151.365392
6.518320,4147.388114
6.538753,4153.844215
6.559187,4149.426465
6.579621,4151.169360
6.600054,4147.542128
6.620488,4148.313991
6.640921,4150.478433
6.661355,4163.553453
6.681788,4150.219293
6.702222,4150.941294
6.722656,4151.047828
6.743089,4154.521582
6.763523,4151.618412
6.783956,4152.999927
6.804390,4150.279715
6.824824,4149.905695
6.845257,4154.504160
6.865691,4154.221160
6.886125,4153.956999
6.906558,4156.106563
6.926992,4154.104019
6.947425,4156.372805
6.967859,4155.878365
6.988292,4154.664948
7.008726,4155.639100
7.029160,4155.357588
7.049593,4154.918747
7.070027,4157.777930
7.090461,4154.593656
7.110894,4158.600300
7.131328,4158.903922
7.151761,4158.344175
7.172195,4159.754642
7.192629,4157.769969
7.213062,4158.353655
7.233496,4160.273565
7.253929,4163.182401
7.274363,4158.639526
7.294796,4166.327120
7.315230,4166.667717
7.335664,4163.769932
7.356098,4163.993710
7.376531,4167.127711
7.396965,4169.621829
7.417398,4166.741040
7.437832,4167.343751
7.458265,4169.738761
7.478699,4171.754716
7.499133,4169.719034
7.519566,4170.753358
7.540000,4170.414908
7.560433,4170.302111
7.580867,4172.457380
7.601301,4173.420465
7.621734,4172.718260
7.642168,4174.734898
7.662602,4173.166581
7.683035,4171.924925
7.703469,4169.090495
7.723902,4169.878130
7.744336,4168.355265
7.764769,4167.178104
7.785203,nan
7.805637,4169.175819
7.826070,4170.905135
7.846504,4169.228201
7.866937,4174.924314
7.887371,4174.540583
7.907805,4172.564507
7.928238,4173.155735
7.948672,4172.673800
7.969106,4171.760224
7.989539,4173.625377
8.009973,4172.866722
8.030406,4173.614836
8.050840,4174.543126
8.071274,4176.191817
8.091707,4175.400306
8.112141,4178.480754
8.132574,4179.356736
8.153008,4180.132379
8.173442,4178.696795
8.193875,4181.477022
8.214309,4182.171377
8.234742,4183.605916
8.255176,4185.210689
8.275610,4182.726595
8.296043,4182.134579
8.316477,4182.793540
8.336910,4185.253282
8.357344,4183.870250
8.377778,4185.997473
8.398211,4182.160828
8.418645,4183.012660
8.439078,4183.015859
8.459512,4190.622574
8.479946,4184.164347
8.500379,4182.836979
8.520813,4181.263030
8.541246,4181.630487
8.561680,4177.897958
8.582114,4182.440095
8.602547,nan
8.622981,nan
8.643414,nan
8.663848,nan
8.684282,nan
8.704715,nan
8.725149,4181.629611
8.745582,4182.506076
8.766016,4181.738172
8.786450,4182.071342
8.806883,4182.941947
8.827317,nan
8.847750,4182.086479
8.868184,4185.496694
8.888618,4183.734057
8.909051,4185.580471
8.929485,4182.384624
8.949918,4184.176570
8.970352,4180.968515
8.990786,nan
9.011219,4183.602282
9.031653,4181.446668
9.052086,4182.460652
9.072520,4181.641508
9.092954,4183.273280
9.113387,4182.569998
9.133821,4184.093122
9.154254,4185.602886
9.174688,4185.721647
9.195122,4184.087375
9.215555,4184.678557
9.235989,4183.556615
9.256422,4189.241772
9.276856,4186.263353
9.297290,4189.863024
9.317723,4190.214777
9.338157,4187.782163
9.358591,4190.423278
9.379024,4187.907981
9.399458,4187.369514
9.419891,4185.189445
9.440325,4186.319471
9.460759,4187.144261
9.481192,4186.002896
9.501626,4185.913429
9.522059,4187.874834
9.542493,4182.168453
9.562926,4181.135737
9.583360,4179.255886
9.603794,4179.344942
9.624227,4182.551953
9.644661,4176.792543
9.665095,4175.126987
9.685528,4172.187698
9.705962,4175.276798
9.726395,4126.993858
9.746829,nan
9.767263,4175.814085
9.787696,4174.934535
9.808130,4177.343201
9.828563,4172.805578
9.848997,4174.734752
9.869431,4169.905137
9.889864,4173.317710
9.910298,4170.295676
9.930731,4171.679465
9.951165,4167.803021
9.971599,4168.941937
9.992032,4171.643598
10.012466,4168.130867
10.032899,4175.480570
10.053333,4174.304477
10.073767,4173.101041
10.094200,4172.944540
10.114634,4172.364211
10.135067,4172.159859
10.155501,4172.721131
10.175935,4172.812677
10.196368,4171.847583
10.216802,4167.600262
10.237235,4168.001445
10.257669,4168.033488
10.278103,4167.871827
10.298536,4167.272667
10.318970,4166.245139
10.339404,4164.499494
10.359837,4160.773380
10.380271,4161.055078
10.400704,4159.277551
10.421138,4157.767604
10.441572,4156.499849
10.462005,4155.671624
10.482439,4154.044057
10.502872,nan
10.523306,4153.202643
10.543739,4151.116003
10.564173,nan
10.584607,4152.989653
10.605040,nan
10.625474,4189.616647
10.645907,4150.738964
10.666341,4151.860303
10.686775,4153.855802
10.707208,nan
10.727642,4156.797349
10.748076,4149.152500
10.768509,4152.261558
10.788943,4149.275056
10.809376,4148.812336
10.829810,4150.702155
10.850244,4149.770685
10.870677,4149.441898
10.891111,4149.506418
10.911544,4149.639293
10.931978,4150.949095
10.952412,4152.988877
10.972845,4151.164890
10.993279,4154.170845
11.013712,4157.767046
11.034146,4156.558543
11.054580,4158.028241
11.075013,4159.676641
11.095447,4157.989277
11.115880,4159.069490
11.136314,4158.090622
11.156748,4159.361989
11.177181,4161.963922
11.197615,4155.257262
11.218048,4154.869200
11.238482,4154.318052
11.258916,4154.761057
11.279349,4154.167930
11.299783,4151.902466
11.320216,4153.423135
11.340650,4152.943696
11.361084,4156.550587
11.381517,4159.454924
11.401951,4156.135949
11.422384,4157.792508
11.442818,4159.485687
11.463252,4158.158494
11.483685,nan
11.504119,4156.613408
11.524552,4158.040572
11.544986,4159.296875
11.565420,4158.929019
11.585853,4153.992316
11.606287,4155.922800
11.626720,4159.982849
11.647154,4155.518652
11.667588,4160.515309
11.688021,4157.781258
11.708455,nan
11.728889,4166.041020
11.749322,4166.356197
11.769756,4167.233736
11.790189,4165.986481
11.810623,4162.300571
11.831056,4164.407016
11.851490,4162.918869
11.871924,4163.260310
11.892357,4158.794242
11.912791,4163.756886
11.933224,4163.051560
11.953658,4160.105686
11.974092,4163.525749
11.994525,4163.522961
12.014959,4161.915681
12.035393,4162.847464
12.055826,4164.193797
12.076260,4166.722747
12.096693,4164.616078
12.117127,4165.474084
12.137561,4165.687642
12.157994,nan
12.178428,nan
12.198861,4166.647556
12.219295,4166.655499
nan,nan
nan,nan
nan,nan
12.301029,4166.563383
12.321463,4164.507069
12.341897,4169.345945
12.362330,4168.652537
12.382764,4169.506005
12.403197,4173.645729
12.423631,4170.223581
12.444065,4177.025537
12.464498,4173.869839
12.484932,4182.144307
12.505365,4173.378736
12.525799,4175.732794
12.546233,4174.996520
12.566666,4178.067200
12.587100,4177.014833
12.607533,4175.734439
12.627967,4175.232365
12.648401,4177.361274
12.668834,4175.757283
12.689268,4179.029891
12.709701,4176.754450
12.730135,4175.467952
12.750569,4175.603694
12.771002,nan
12.791436,4172.504540
12.811870,nan
12.832303,nan
12.852737,nan
12.873170,4173.863279
12.893604,4173.627766
12.914037,4172.638401
12.934471,4175.973390
12.954905,nan
12.975338,4173.266435
12.995772,4177.860965
13.016206,4176.962330
13.036639,4174.657446
13.057073,4176.366233
13.077506,4177.309396
13.097940,4174.430781
13.118374,4172.920707
13.138807,4171.033362
13.159241,nan
13.179674,4178.866945
13.200108,4180.447741
13.220542,4180.126806
13.240975,4184.876091
13.261409,4184.143660
13.281842,4189.784276
13.302276,4188.320160
13.322710,4188.716328
13.343143,4187.894121
13.363577,4187.803867
13.384010,4184.016207
13.404444,4186.772669
13.424878,4181.287532
13.445311,4182.302275
13.465745,4178.671510
13.486178,4180.890842
13.506612,4179.685370
13.527046,4150.382242
13.547479,4148.784191
13.567913,4182.106551
13.588347,4182.047187
13.608780,4181.381685
13.629214,4182.233056
13.649647,4185.131303
13.670081,nan
13.690514,4189.203429
13.710948,4186.260820
13.731382,4187.860846
13.751815,4187.183040
13.772249,4182.071385
13.792682,4183.006624
13.813116,4180.086590
13.833550,4178.546928
13.853983,4179.186840
13.874417,4176.296791
13.894851,4179.679354
13.915284,4180.266121
13.935718,4184.441756
13.956151,4128.771199
13.976585,4233.733454
13.997019,4180.652545
14.017452,4178.149742
14.037886,4178.214810
14.058319,4177.303083
14.078753,4176.532924
14.099187,4173.944406
14.119620,4174.203088
14.140054,nan
14.160487,4172.959755
14.180921,4178.516874
14.201354,4175.021591
14.221788,4175.091667
14.242222,4178.570398
14.262655,4179.848325
14.283089,4181.653598
14.303523,4180.175553
14.323956,4180.662971
14.344390,4178.527984
14.364823,4181.662752
14.385257,4176.760206
14.405691,4180.403421
14.426124,4179.809822
14.446558,4180.165121
14.466991,4179.799914
14.487425,4178.615878
14.507859,4175.456575
14.528292,4173.447409
14.548726,4175.637979
14.569159,4174.386326
14.589593,4171.314307
14.610027,4167.732726
14.630460,4168.785852
14.650894,4167.140735
14.671327,4165.621107
14.691761,nan
14.712195,4167.722329
14.732628,4169.914985
14.753062,4167.342916
14.773495,4169.852086
14.793929,4180.430949
14.814363,4167.959473
14.834796,nan
14.855230,4171.490025
14.875663,4128.113997
14.896097,4158.983084
14.916531,4160.689894
14.936964,4162.059078
14.957398,4163.591767
14.977832,4165.414055
14.998265,4165.469329
15.018699,4165.594977
15.039132,4164.935919
15.059566,4163.405679
15.079999,4164.089235
15.100433,4162.869549
15.120867,4164.844946
15.141300,4161.533008
15.161734,4162.880739
15.182167,4162.279832
15.202601,4164.528803
15.223035,4168.344547
15.243468,4164.380882
15.263902,4168.788311
15.284336,4166.819886
15.304769,4169.402877
15.325203,4166.461901
15.345636,4169.170339
15.366070,4163.046563
15.386504,4167.146661
15.406937,4171.837157
15.427371,4167.701550
15.447804,4163.253443
15.468238,4160.004685
15.488672,4162.097888
15.509105,4159.791479
15.529539,4159.682567
15.549972,4161.265903
15.570406,4160.044768
15.590840,4158.340592
15.611273,4163.662031
15.631707,nan
15.652140,nan
15.672574,4172.541835
15.693008,4164.942843
15.713441,4162.107342
15.733875,4164.394889
15.754308,4159.323390
15.774742,4162.358438
15.795176,4166.134805
15.815609,4162.595707
15.836043,4163.736967
15.856476,4166.437068
15.876910,4166.592891
15.897344,4166.691616
15.917777,4170.500748
15.938211,4166.906842
15.958644,4167.422087
15.979078,4164.994702
15.999512,4167.770290
16.019945,4169.063981
16.040379,4168.269529
16.060812,4166.783295
16.081246,4166.507928
16.101680,4164.615900
16.122113,4164.655733
16.142547,4164.066939
16.162980,4161.467509
16.183414,4158.657637
16.203848,4162.791885
16.224281,4160.252722
16.244715,4161.872850
16.265149,4160.818881
16.285582,4160.631430
16.306016,4161.713998
16.326449,4167.648568
16.346883,4162.444535
16.367317,4163.681426
16.387750,4162.531762
16.408184,4165.303484
16.428617,4162.086820
16.449051,4159.410569
16.469484,4161.681614
16.489918,4163.035631
16.510352,4166.412780
16.530785,4167.712540
16.551219,4169.906413
16.571653,4166.587065
16.592086,4168.435104
16.612520,4167.227696
16.632953,4167.277340
16.653387,4171.570365
16.673821,4165.679035
16.694254,4164.664659
16.714688,4164.530782
16.735121,nan
16.755555,nan
16.775989,nan
16.796422,nan
16.816856,4161.116150
16.837289,4161.176369
16.857723,4163.247330
16.878157,nan
16.898590,4161.440788
16.919024,4158.181671
16.939457,4159.709176
16.959891,4156.525743
16.980325,4155.816647
17.000758,4153.513529
17.021192,4154.824290
17.041625,4151.901093
17.062059,4150.401223
17.082493,4144.066949
17.102926,4159.524955
17.123360,4164.895130
17.143793,4160.436204
17.164227,4158.505598
17.184661,4153.542765
17.205094,4151.502784
17.225528,4150.919888
17.245961,4151.599688
17.266395,4153.866401
17.286829,4150.982724
17.307262,4150.959887
17.327696,4150.162635
17.348130,4148.087831
17.368563,4145.246251
17.388997,4149.784510
17.409430,4150.597049
17.429864,4148.406090
17.450297,4148.689143
17.470731,4151.950651
17.491165,4150.022255
17.511598,4150.112425
17.532032,4146.503440
17.552466,4146.888554
17.572899,4147.011587
17.593333,nan
17.613766,4146.683199
17.634200,4146.828047
17.654634,4146.212152
17.675067,4145.600652
17.695501,4144.760582
17.715934,4146.072839
17.736368,4149.450526
17.756802,4147.197945
17.777235,4149.471255
17.797669,4147.670693
17.818102,4148.376933
17.838536,4145.074706
17.858970,4142.618225
17.879403,4142.024184
17.899837,4138.732112
17.920270,4139.089668
17.940704,4138.409133
17.961138,4136.918598
17.981571,4137.519811
18.002005,4137.024861
18.022438,4138.836171
18.042872,4136.939087
18.063306,nan
18.083739,4138.305923
18.104173,4137.889651
18.124607,4137.498066
18.145040,4138.573183
18.165474,4138.322127
18.185907,4137.367963
18.206341,4136.043044
18.226774,4136.593998
18.247208,4136.769452
18.267642,4137.822488
18.288075,4141.102114
18.308509,4143.399931
18.328942,4141.947782
18.349376,4143.098173
18.369810,4144.458881
18.390243,4143.686420
18.410677,4141.473530
18.431110,4142.779821
18.451544,4143.727915
18.471978,4142.558483
18.492411,4136.588135
18.512845,nan
18.533279,nan
18.553712,nan
18.574146,nan
18.594579,4138.334228
18.615013,4137.710569
18.635447,4135.252438
18.655880,nan
18.676314,4135.679099
18.696747,4136.919619
18.717181,4134.378262
18.737615,4135.021411
18.758048,4134.370259
18.778482,4133.535185
18.798915,4130.114955
18.819349,4136.776135
18.839783,4138.173708
18.860216,4137.979658
18.880650,4141.150203
18.901083,4141.714449
18.921517,4141.421667
18.941951,4143.760004
18.962384,4141.789551
18.982818,4142.720278
19.003251,4138.291142
19.023685,4138.250678
19.044119,4134.733163
19.064552,4136.613046
19.084986,4136.078178
19.105419,4140.778174
19.125853,4138.018209
19.146287,4139.571720
19.166720,nan
19.187154,nan
19.207588,4138.848030
19.228021,4161.501938
19.248455,4145.965257
19.268888,4133.319125
19.289322,nan
19.309755,nan
19.330189,4147.277234
19.350623,4147.441998
19.371056,4146.419262
19.391490,4143.845021
19.411923,4143.753202
19.432357,4139.917438
19.452791,4141.635385
19.473224,4141.511046
19.493658,4141.220204
19.514091,4140.444010
19.534525,nan
19.554959,nan
19.575392,4144.807754
19.595826,4143.114284
19.616260,4140.830481
19.636693,4143.665332
19.657127,4146.025084
19.677560,4145.877513
19.697994,4147.602011
19.718427,4145.311861
19.738861,4148.618656
19.759295,4151.122943
19.779728,nan
19.800162,4150.233850
19.820596,4151.176231
19.841029,4153.612659
19.861463,4154.232173
19.881896,4156.025027
19.902330,4156.896494
19.922764,4156.938860
19.943197,4157.074975
19.963631,4157.416169
19.984064,4156.739296
20.004498,4157.734787
20.024932,4146.538482
20.045365,4156.156054
20.065799,4159.844706
20.086232,4158.203513
20.106666,4154.019838
20.127100,4152.086653
20.147533,4153.089990
20.167967,4153.754461
20.188400,4155.142564
20.208834,4154.628783
20.229268,4155.554973
20.249701,nan
20.270135,nan
20.290568,4155.201147
20.311002,4160.583703
20.331436,4155.766545
20.351869,4155.747238
20.372303,4156.673275
20.392736,4159.263375
20.413170,4160.800252
20.433604,4162.454805
20.454037,4165.653792
20.474471,4161.417720
20.494904,4161.490242
20.515338,4161.159979
20.535772,4160.823546
20.556205,nan
20.576639,nan
20.597073,4153.390000
20.617506,nan
20.637940,4161.159555
20.658373,4158.099264
20.678807,nan
20.699240,4160.548251
20.719674,4158.761421
20.740108,4158.000239
20.760541,nan
20.780975,4158.099888
20.801408,4158.990545
20.821842,4160.764959
20.842276,nan
20.862709,4163.647979
20.883143,4164.135981
20.903577,4167.036504
20.924010,4166.950699
20.944444,4164.543605
20.964877,4165.246166
20.985311,4166.672848
21.005745,4162.960787
21.026178,4159.436939
21.046612,4158.526628
21.067045,4161.033309
21.087479,4158.304742
21.107912,4162.454801
21.128346,4164.110993
21.148780,4164.133825
21.169213,nan
21.189647,4164.274020
21.210081,4162.034919
21.230514,4161.919525
21.250948,nan
21.271381,4161.155213
21.291815,4167.060815
21.312249,4160.717618
21.332682,4159.985029
21.353116,4161.764995
21.373550,4167.290600
21.393983,4166.312846
21.414417,4167.320658
21.434850,4164.841569
21.455284,4167.002083
21.475717,4164.934630
21.496151,4165.613270
21.516585,nan
21.537018,4167.946492
21.557452,4166.823437
21.577885,4163.791971
21.598319,4165.854469
21.618753,4163.976597
21.639186,4159.154280
21.659620,4158.666361
21.680054,4160.161006
21.700487,4163.335430
21.720921,4163.410502
21.741354,4163.303676
21.761788,4162.521558
21.782221,nan
21.802655,4159.199837
21.823089,4162.985537
21.843522,4163.752456
21.863956,4162.719510
21.884390,4161.889079
21.904823,4163.092145
21.925257,4159.988126
21.945690,4160.124782
21.966124,4157.950234
21.986558,4157.010158
22.006991,4167.357895
22.027425,4165.876525
22.047858,4167.779397
22.068292,4164.066342
22.088725,4165.745927
22.109159,4162.986245
22.129593,4160.080601
22.150026,nan
22.170460,nan
22.190894,nan
22.211327,4161.494357
22.231761,4158.714225
22.252194,4158.209009
22.272628,4156.302398
22.293062,4157.019795
22.313495,4158.827793
22.333929,4161.079464
22.354362,4156.103503
22.374796,4157.916116
22.395230,4159.624725
22.415663,4160.514579
22.436097,4161.282043
22.456530,4163.809220
22.476964,4160.627241
22.497398,4161.429877
22.517831,4157.068484
22.538265,nan
22.558698,nan
22.579132,nan
22.599566,4152.312445
22.619999,nan
22.640433,4151.494876
22.660866,4152.343997
22.681300,4151.157477
22.701734,nan
22.722167,nan
22.742601,4148.523707
22.763034,4145.096392
22.783468,4144.511851
22.803902,4148.127681
22.824335,nan
22.844769,4150.900800
22.865203,4151.039704
22.885636,4149.565327
22.906070,4149.466438
22.926503,4154.425655
22.946937,4147.167586
22.967371,nan
22.987804,4152.260335
23.008238,4151.392723
23.028671,4158.747689
23.049105,4158.546587
23.069538,4156.592520
23.089972,4155.711040
23.110406,4156.475224
23.130839,4156.457273
23.151273,4153.256333
23.171707,4150.274494
23.192140,4150.941071
23.212574,4150.680218
23.233007,4152.341240
23.253441,4154.064273
23.273875,4128.017471
23.294308,nan
23.314742,4154.384361
23.335175,4154.935090
23.355609,4150.899882
23.376043,4149.903736
23.396476,4151.158079
23.416910,4148.690741
23.437343,4152.664811
23.457777,4146.688196
23.478211,nan
23.498644,4162.336826
23.519078,4169.847737
23.539511,4161.731238
23.559945,4163.482787
23.580379,4167.260897
23.600812,4163.609552
23.621246,4162.921167
23.641679,4158.387244
23.662113,4158.627302
23.682547,4159.557330
23.702980,4156.735051
23.723414,4158.125404
23.743847,4158.117024
23.764281,4158.431887
23.784715,4159.222335
23.805148,4160.546963
23.825582,4162.906748
23.846015,4161.209892
23.866449,4160.711278
23.886883,4160.323015
23.907316,nan
23.927750,4156.632526
23.948184,nan
23.968617,4161.118112
23.989051,4158.799224
24.009484,4161.011502
24.029918,4163.457524
24.050351,4167.213993
24.070785,4163.908846
24.091219,4167.516428
24.111652,4165.891588
24.132086,4165.340967
24.152520,4162.425269
24.172953,4159.616368
24.193387,4156.758898
24.213820,4155.865651
24.234254,4157.925009
24.254688,4158.319124
24.275121,4158.538923
24.295555,4158.465264
24.315988,4160.297367
24.336422,nan
24.356856,4160.748684
24.377289,4158.505103
24.397723,4168.742870
24.418156,4156.898621
24.438590,nan
24.459023,4156.418081
24.479457,4160.035776
24.499891,4158.147785
24.520325,4158.734501
24.540758,4159.710867
24.561192,4159.421476
24.581625,4161.274663
24.602059,4162.836835
24.622492,4167.814046
24.642926,4165.637448
24.663360,4166.239659
24.683793,4164.892895
24.704227,nan
24.724660,nan
24.745094,nan
24.765528,nan
24.785961,4161.382390
24.806395,4161.414892
24.826828,4158.551717
24.847262,nan
24.867696,nan
24.888129,4165.820732
24.908563,4167.563634
24.928997,nan
24.949430,4166.313697
24.969864,4165.260184
24.990297,4168.690068
25.010731,4169.924641
25.031164,4168.023471
25.051598,4164.305406
25.072032,4168.076599
25.092465,4169.459740
25.112899,4172.675155
25.133333,4174.979310
25.153766,4173.397404
25.174200,4172.203149
25.194633,4171.868818
25.215067,4169.853822
25.235501,4169.396333
25.255934,4167.350984
25.276368,4168.791855
25.296801,4168.477036
25.317235,4170.806052
25.337669,4172.848053
25.358102,4170.660806
25.378536,4174.630335
25.398969,nan
25.419403,4173.063405
25.439836,nan
25.460270,4171.768456
25.480704,4172.066299
25.501137,4171.570196
25.521571,4174.144894
25.542005,4173.453478
25.562438,4176.694154
25.582872,nan
25.603305,4176.446923
25.623739,4176.033794
25.644173,4172.923739
25.664606,4169.099170
25.685040,4169.119283
25.705473,4172.188666
25.725907,4173.585150
25.746341,4177.017195
25.766774,4176.363611
25.787208,4179.556333
25.807641,4177.807713
25.828075,4179.432025
25.848509,4175.590134
25.868942,4175.923648
25.889376,4179.215753
25.909809,nan
25.930243,4181.220169
25.950677,4183.094199
25.971110,4185.699426
25.991544,4182.229891
26.011977,4180.630528
26.032411,4180.497140
26.052845,4180.185159
26.073278,4171.693017
26.093712,4171.381210
26.114145,4171.440140
26.134579,4172.912565
26.155013,4174.578393
26.175446,4174.155858
26.195880,4175.912568
26.216314,4182.322469
26.236747,4175.154912
26.257181,4171.767164
26.277614,4172.394884
26.298048,4167.454957
26.318482,4164.684102
26.338915,4166.145814
26.359349,4165.581114
26.379782,4164.803294
26.400216,nan
26.420649,4195.781347
26.441083,4171.730338
26.461517,4167.498719
26.481950,4168.057574
26.502384,4167.182098
26.522818,4170.454719
26.543251,4168.558534
26.563685,4169.400741
26.584118,4168.846522
26.604552,4168.896628
26.624986,4171.973589
26.645419,4157.119398
26.665853,4173.375558
26.686286,4174.073491
26.706720,4170.325653
26.727154,nan
26.747587,4167.406664
26.768021,4164.842589
26.788454,nan
26.808888,4165.776582
26.829322,4167.990502
26.849755,4168.259297
26.870189,nan
26.890622,nan
26.911056,4165.363286
26.931490,4166.732978
26.951923,4165.428150
26.972357,4164.565217
26.992790,4163.369276
27.013224,4163.536128
27.033658,4164.687354
27.054091,4169.378132
27.074525,4170.284730
27.094958,4169.034590
27.115392,4169.031520
27.135826,4168.730598
27.156259,4166.480260
27.176693,4161.992587
27.197127,nan
27.217560,4165.495322
27.237994,nan
27.258427,4162.948088
27.278861,4162.667442
27.299295,4161.655436
27.319728,4156.951291
27.340162,4155.301725
27.360595,4156.997171
27.381029,4156.225821
27.401463,nan
27.421896,4160.923557
27.442330,4163.709538
27.462763,4161.866613
27.483197,4166.936083
27.503630,4163.322288
27.524064,4161.523760
27.544498,4160.432525
27.564931,nan
27.585365,4158.577858
27.605799,4161.226784
27.626232,4153.108779
27.646666,4165.376216
27.667099,4167.726695
27.687533,4167.571026
27.707967,4167.787407
27.728400,4174.617324
27.748834,4163.194605
27.769267,4164.362284
27.789701,4161.851537
27.810135,4158.686005
27.830568,4158.973598
27.851002,4160.925741
27.871435,4163.542924
27.891869,4166.203004
27.912303,4162.400608
27.932736,nan
27.953170,4163.496637
27.973603,4164.067861
27.994037,4162.409757
28.014471,4160.984116
28.034904,4160.215829
28.055338,4159.497546
28.075771,4156.987620
28.096205,4154.086421
28.116639,4151.037390
28.137072,4169.302611
28.157506,4171.731342
28.177939,4171.297607
28.198373,4170.444446
28.218807,4169.442868
28.239240,4171.102350
28.259674,4169.494327
28.280108,4172.251681
28.300541,4167.683350
28.320975,4167.108672
28.341408,4169.665764
28.361842,4171.260036
28.382276,4165.796278
28.402709,4169.366487
28.423143,4168.476247
28.443576,4163.587960
28.464010,4162.890657
28.484443,4161.827327
28.504877,nan
28.525311,4165.586617
28.545744,4165.166092
28.566178,4167.450135
28.586612,4163.355573
28.607045,4168.226913
28.627479,nan
28.647912,4159.612809
28.668346,4162.373204
28.688780,4163.925681
28.709213,4168.028978
28.729647,4164.057412
28.750080,4172.040468
28.770514,4166.171961
28.790948,4167.645739
28.811381,4169.375483
28.831815,4166.286380
28.852248,4166.010265
28.872682,4168.646747
28.893116,4166.323757
28.913549,4169.619908
28.933983,4172.007789
28.954416,4172.176880
28.974850,4172.873141
28.995284,4175.691704
29.015717,4174.405733
29.036151,4171.500190
29.056584,4165.577479
29.077018,4169.889582
29.097452,4164.352472
29.117885,nan
29.138319,4168.056028
29.158752,4172.500820
29.179186,4169.532823
29.199620,4168.565398
29.220053,4165.312643
29.240487,4159.537427
29.260921,4164.780278
29.281354,nan
29.301788,4160.591121
29.322221,nan
29.342655,nan
29.363089,nan
29.383522,4169.941429
29.403956,4171.341837
29.424389,4169.495513
29.444823,4172.864694
29.465256,4173.166897
29.485690,4176.012601
29.506124,4180.168816
29.526557,4179.939734
29.546991,4180.365208
29.567424,4177.084059
29.587858,4174.896363
29.608292,4176.266285
29.628725,4173.581597
29.649159,4171.361754
29.669593,4168.464176
29.690026,4169.757027
29.710460,4169.676832
29.730893,4176.284625
29.751327,4173.578684
29.771761,4177.066102
29.792194,4176.672703
29.812628,4176.322903
29.833062,nan
29.853495,4175.840075
29.873929,4176.965950
29.894362,4175.149386
29.914796,4174.892148
29.935229,4179.046531
29.955663,4180.523179
29.976097,4184.146312
29.996530,4182.222570
30.016964,4183.590820
30.037397,4182.119226
30.057831,4183.455059
30.078265,4183.755247
30.098698,4180.250747
30.119132,4181.947908
30.139565,4176.395069
30.159999,4175.715033
30.180433,4175.094326
30.200866,4173.951455
30.221300,4175.296864
30.241733,4179.124696
30.262167,4177.237196
30.282601,4178.918734
30.303034,4211.828406
30.323468,nan
30.343902,4177.746079
30.364335,4177.795150
30.384769,4181.016008
30.405202,4178.215381
30.425636,4181.512587
30.446069,4180.300547
30.466503,4180.692542
30.486937,4184.609943
30.507370,4184.501427
30.527804,4185.995342
30.548238,4187.587889
30.568671,4186.747820
30.589105,4188.589629
30.609538,4186.807331
30.629972,4191.659470
30.650406,4189.777475
30.670839,4185.001141
30.691273,nan
30.711706,nan
30.732140,nan
30.752574,nan
30.773007,nan
30.793441,4184.829032
30.813874,4136.404315
30.834308,4185.837357
30.854742,4186.289776
30.875175,4186.477096
30.895609,4189.428393
30.916043,4187.147878
30.936476,4184.481381
30.956910,nan
30.977343,4183.015813
30.997777,4177.993626
31.018210,4183.438235
31.038644,4179.108870
31.059078,4155.506912
31.079511,4188.928474
31.099945,4190.507348
31.120378,4191.069902
31.140812,4196.328745
31.161246,4193.866397
31.181679,4202.118404
31.202113,4198.885548
31.222546,4200.450055
31.242980,4199.259679
31.263414,4203.160612
31.283847,4199.382834
31.304281,4195.175277
31.324715,nan
31.345148,4192.106315
31.365582,4194.566695
31.386015,4196.935820
31.406449,4194.280682
31.426883,4195.297283
31.447316,4196.402617
31.467750,4195.321027
31.488183,4198.101373
31.508617,4195.829309
31.529051,4194.048032
31.549484,4196.834625
31.569918,4198.006304
31.590351,4198.849179
31.610785,4197.253001
31.631219,4199.167566
31.651652,4204.677834
31.672086,4202.742301
31.692519,4205.018683
31.712953,4205.765767
31.733387,4203.348301
31.753820,4204.778491
31.774254,4201.759462
31.794687,4201.299027
31.815121,4200.063689
31.835555,4198.739485
31.855988,4199.266148
31.876422,4197.119041
31.896855,4195.982227
31.917289,4195.805944
31.937723,4192.055842
31.958156,4193.248492
31.978590,4192.056471
31.999023,4195.359128
32.019457,4191.515209
32.039891,4194.690502
32.060324,4196.128203
32.080758,4197.745064
32.101191,4194.194777
32.121625,4194.996037
32.142059,4196.656413
32.162492,4194.782971
32.182926,4194.110212
32.203359,4158.247638
32.223793,4196.346277
32.244227,nan
32.264660,4191.487353
32.285094,4188.352378
32.305528,4188.220899
32.325961,4192.029349
32.346395,4188.334673
32.366828,4189.104141
32.387262,4192.176783
32.407696,4190.653366
32.428129,4192.900467
32.448563,4196.140586
32.468996,4193.435163
32.489430,4193.143118
32.509863,4191.891942
32.530297,4189.229202
32.550731,4189.720325
32.571164,4189.616219
32.591598,4187.680914
32.612032,4187.296160
32.632465,4185.460850
32.652899,4181.007865
32.673332,nan
32.693766,nan
32.714200,nan
32.734633,nan
32.755067,nan
32.775500,nan
32.795934,4175.577058
32.816368,4178.725873
32.836801,nan
32.857235,4176.973936
32.877668,4177.237423
32.898102,4173.892661
32.918536,4175.454142
32.938969,nan
32.959403,4169.649193
32.979836,4168.354187
33.000270,4167.367425
33.020704,4159.656523
33.041137,4169.429956
33.061571,4169.566343
33.082005,4170.631928
33.102438,4170.457280
33.122872,4169.392495
33.143305,4168.442944
33.163739,4167.314540
33.184172,4167.656352
33.204606,4167.321160
33.225040,4169.277473
33.245473,4167.354487
33.265907,4168.339008
33.286340,nan
33.306774,4167.733210
33.327208,4167.027472
33.347641,4168.112759
33.368075,4162.617808
33.388509,4165.728596
33.408942,4164.950223
33.429376,4164.580053
33.449809,4166.033912
33.470243,4167.146463
33.490676,4171.051635
33.511110,4170.059557
33.531544,4169.969722
33.551977,4170.204105
33.572411,4175.803179
33.592845,4172.647857
33.613278,4171.664899
33.633712,4171.592098
33.654145,4172.013925
33.674579,4172.994219
33.695013,4171.285103
33.715446,4170.923600
33.735880,4168.857996
33.756313,4169.960571
33.776747,4169.776569
33.797181,4169.039130
33.817614,4168.118912
33.838048,4166.122523
33.858481,4164.562242
33.878915,4165.993171
33.899349,4164.048612
33.919782,4165.817716
33.940216,4165.365629
33.960649,4166.463754
33.981083,4168.339224
34.001517,4169.364697
34.021950,4168.072298
34.042384,4167.920093
34.062817,4167.409001
34.083251,4172.312948
34.103685,4172.008399
34.124118,4171.250237
34.144552,4171.565932
34.164985,4170.109612
34.185419,4170.230482
34.205853,4171.874302
34.226286,4172.621107
34.246720,4175.141677
34.267153,4178.052000
34.287587,4177.996408
34.308021,4179.918283
34.328454,4179.648680
34.348888,4183.104173
34.369322,4180.316015
34.389755,4179.463798
34.410189,4179.034920
34.430622,4179.499137
34.451056,4178.895971
34.471490,4181.334798
34.491923,4178.658390
34.512357,nan
34.532790,nan
34.553224,nan
34.573658,nan
34.594091,nan
34.614525,nan
34.634958,4173.537285
34.655392,nan
34.675826,nan
34.696259,nan
34.716693,nan
34.737126,nan
34.757560,4178.822850
34.777994,4181.942334
34.798427,4186.529508
34.818861,nan
34.839294,4180.436237
34.859728,4183.263229
34.880162,nan
34.900595,4181.377343
34.921029,4181.303499
34.941462,4181.871745
34.961896,4180.569163
34.982330,4154.024881
35.002763,4177.656464
35.023197,4178.713829
35.043630,4182.430374
35.064064,4181.834418
35.084498,4181.764830
35.104931,4183.858328
35.125365,4182.401044
35.145799,4184.437808
35.166232,4181.473508
35.186666,4185.719867
35.207099,nan
35.227533,nan
35.247966,nan
35.268400,4183.544263
35.288834,4183.715472
35.309267,4187.442652
35.329701,4187.987789
35.350134,4188.788879
35.370568,4190.545708
35.391002,4192.562943
35.411435,4193.190872
35.431869,4194.072082
35.452303,4195.877145
35.472736,4195.070477
35.493170,4194.823380
35.513603,4197.029407
35.534037,4198.621177
35.554470,4198.352595
35.574904,4195.685576
35.595338,4199.120119
35.615771,4195.739814
35.636205,4197.214576
35.656639,4199.185921
35.677072,4198.693398
35.697506,4197.583688
35.717939,4196.112650
35.738373,4197.004893
35.758807,4193.834062
35.779240,4195.887200
35.799674,4193.494107
35.820107,4190.332365
35.840541,4192.360222
35.860975,4191.809905
35.881408,4192.790638
35.901842,4191.835210
35.922275,4192.922832
35.942709,4191.210076
35.963143,4196.477061
35.983576,4197.353562
36.004010,4201.086933
36.024443,4196.703829
36.044877,4201.667972
36.065311,4200.498465
36.085744,4197.334555
36.106178,4198.847403
36.126611,4200.097072
36.147045,4199.899476
36.167479,4199.555396
36.187912,nan
36.208346,nan
36.228780,4195.420701
36.249213,4198.699905
36.269647,4200.264609
36.290080,4199.980192
36.310514,4200.080541
36.330947,4199.828863
36.351381,4201.904677
36.371815,4198.330589
36.392248,4195.951218
36.412682,4199.710030
36.433116,4196.638516
36.453549,4197.405728
36.473983,4197.861784
36.494416,4198.754200
36.514850,4200.385998
36.535284,4199.625138
36.555717,4201.095498
36.576151,4201.274842
36.596584,4207.165118
36.617018,4206.452855
36.637452,4205.400748
36.657885,4206.706063
36.678319,4204.834072
36.698752,4208.132980
36.719186,4205.392337
36.739620,4207.797262
36.760053,4202.812538
36.780487,4206.205743
36.800920,4208.981702
36.821354,4204.591704
36.841788,4209.096419
36.862221,4202.012514
36.882655,4202.158342
36.903088,4198.893285
36.923522,4197.236424
36.943956,nan
36.964389,nan
36.984823,nan
37.005257,nan
37.025690,4197.743382
37.046124,4127.546972
37.066557,4196.067358
37.086991,4196.091520
37.107424,nan
37.127858,4197.649149
37.148292,4186.210808
37.168725,4186.768073
37.189159,4155.324362
37.209592,nan
37.230026,4193.606111
37.250460,4191.737012
37.270893,4191.372173
37.291327,4193.178788
37.311761,4195.012183
37.332194,4194.715658
37.352628,4198.774252
37.373061,4195.927044
37.393495,4195.612797
37.413929,4197.312915
37.434362,4194.649218
37.454796,4192.208825
37.475229,4194.465019
37.495663,4192.488100
37.516097,4189.012232
37.536530,4188.951891
37.556964,4188.640217
37.577397,4186.486745
37.597831,4182.009516
37.618265,4192.853033
37.638698,4181.846941
37.659132,4180.544136
37.679565,4177.208221
37.699999,4179.226825
37.720433,4177.911639
37.740866,4180.187268
37.761300,4181.055950
37.781733,4177.567593
37.802167,4177.903058
37.822601,4177.937852
37.843034,4178.486597
37.863468,4177.799948
37.883901,4177.407528
37.904335,4177.413162
37.924769,nan
37.945202,4177.155255
37.965636,4175.874227
37.986069,4177.943386
38.006503,4176.806002
38.026937,4173.811685
38.047370,4176.534653
38.067804,4173.344046
38.088238,4173.202509
38.108671,4171.980893
38.129105,4172.203452
38.149538,4171.550242
38.169972,4173.928233
38.190406,4175.109840
38.210839,4172.359290
38.231273,4177.838051
38.251706,4177.392217
38.272140,4178.580357
38.292573,4177.766056
38.313007,4176.148533
38.333441,4176.500736
38.353874,4174.665439
38.374308,4176.119692
38.394742,4179.130648
38.415175,4174.793164
38.435609,4173.147230
38.456042,4168.659011
38.476476,4169.120987
38.496910,4168.999956
38.517343,nan
38.537777,nan
38.558210,nan
38.578644,nan
38.599078,nan
38.619511,4164.961099
38.639945,4168.408840
38.660378,4167.727282
38.680812,nan
38.701246,nan
38.721679,nan
38.742113,nan
38.762546,4169.329219
38.782980,nan
38.803414,4165.835306
38.823847,4166.878958
38.844281,4166.887941
38.864714,4167.595167
38.885148,4152.272608
38.905582,4126.195166
38.926015,4161.376513
38.946449,nan
38.966882,4158.485300
38.987316,nan
39.007750,4157.147306
39.028183,4162.435584
39.048617,4160.831773
39.069050,4182.214543
39.089484,4161.502266
39.109918,4160.540921
39.130351,4161.909655
39.150785,4164.878789
39.171218,nan
39.191652,4163.978252
39.212086,4169.354343
39.232519,4168.322317
39.252953,4170.891615
39.273387,4167.685787
39.293820,4166.010173
39.314254,4168.849780
39.334687,4167.424484
39.355121,4171.283859
39.375554,4165.563993
39.395988,4167.565252
39.416422,4171.254011
39.436855,4167.841207
39.457289,4173.751160
39.477723,4169.695780
39.498156,4170.034444
39.518590,4171.851623
39.539023,4169.903900
39.559457,4170.042115
39.579891,4171.529517
39.600324,4168.295728
39.620758,4169.206121
39.641191,4167.031148
39.661625,4165.237836
39.682059,4167.212460
39.702492,4167.642817
39.722926,4166.966073
39.743359,4165.552010
39.763793,4166.713196
39.784227,4169.249431
39.804660,4169.030295
39.825094,4168.784302
39.845528,4170.040767
39.865961,4171.903255
39.886395,4172.240267
39.906828,4170.915762
39.927262,4173.883321
39.947695,4173.968407
39.968129,4178.012561
39.988563,4173.581467
40.008996,4177.347223
40.029430,4175.558439
40.049863,4179.276574
40.070297,4176.792072
40.090731,4178.040829
40.111164,4147.380896
40.131598,nan
40.152031,4176.649592
40.172465,4179.787593
40.192899,4181.142390
40.213332,4179.065383
40.233766,4180.077126
40.254200,4178.498931
40.274633,4179.654875
40.295067,4179.134550
40.315500,4179.222746
40.335934,4178.668030
40.356368,4181.607541
40.376801,4184.161037
40.397235,4185.824851
40.417668,4188.681617
40.438102,4185.826873
40.458535,4189.575375
40.478969,4189.005896
40.499403,4188.889880
40.519836,4191.237265
40.540270,4192.022149
40.560704,4191.443335
40.581137,4193.772497
40.601571,4195.900857
40.622004,4189.089388
40.642438,4193.018587
40.662872,4191.207465
40.683305,4195.080589
40.703739,4188.020540
40.724172,nan
40.744606,4190.085498
40.765040,nan
40.785473,4187.439567
40.805907,4188.058298
40.826340,4190.340447
40.846774,nan
40.867208,nan
40.887641,nan
40.908075,nan
40.928509,nan
40.948942,nan
40.969376,4190.559503
40.989809,4194.182542
41.010243,4195.446694
41.030676,4195.102865
41.051110,4196.496009
41.071544,4196.025172
41.091977,4198.112525
41.112411,4196.266751
41.132844,nan
41.153278,4195.922493
41.173712,4195.667864
41.194145,4197.306231
41.214579,4193.463888
41.235012,4198.342462
41.255446,4197.115163
41.275880,4198.919114
41.296313,4197.155840
41.316747,4197.871209
41.337181,4201.886625
41.357614,4206.751210
41.378048,4202.258905
41.398481,4203.598752
41.418915,4205.051125
41.439349,4204.830892
41.459782,4204.064857
41.480216,4207.034878
41.500649,4206.700133
41.521083,4204.482516
41.541517,4206.326750
41.561950,4203.947623
41.582384,4209.216423
41.602817,4206.671910
41.623251,4205.480756
41.643685,4211.828857
41.664118,4207.446851
41.684552,4204.710861
41.704985,4206.130145
41.725419,4204.891088
41.745853,4203.449276
41.766286,4206.237171
41.786720,4204.813441
41.807153,4206.945340
41.827587,4207.386267
41.848021,4204.673628
41.868454,4204.188895
41.888888,4205.076759
41.909321,4203.660178
41.929755,4201.190751
41.950189,4206.314009
41.970622,4203.940147
41.991056,4204.616836
42.011490,4202.748996
42.031923,4204.380411
42.052357,4205.603373
42.072790,4204.390153
42.093224,4203.965813
42.113658,4203.830901
42.134091,4205.635640
42.154525,4203.190039
42.174958,4204.734801
42.195392,4205.647225
42.215825,4206.011468
42.236259,4206.028856
42.256693,4205.183452
42.277126,4207.367331
42.297560,4205.912546
42.317994,4207.324661
42.338427,4204.013760
42.358861,4203.917120
42.379294,4202.614425
42.399728,4204.895731
42.420162,4202.033842
42.440595,4200.627648
42.461029,4202.652966
42.481462,4205.708168
42.501896,4202.534755
42.522330,4205.332830
42.542763,4206.465571
42.563197,4204.497238
42.583630,4206.779038
42.604064,4209.243451
42.624498,4207.688332
42.644931,4209.733671
42.665365,4208.180527
42.685798,4206.853418
42.706232,4209.093653
42.726666,4208.861719
42.747099,4209.106348
42.767533,4210.083887
42.787966,4208.318262
42.808400,4207.959248
42.828834,4209.756290
42.849267,4206.969348
42.869701,4207.186718
42.890134,4206.788854
42.910568,4208.057090
42.931002,4207.379156
42.951435,4206.529647
42.971869,nan
42.992303,4202.343157
43.012736,4203.763517
43.033170,4201.506013
43.053603,4199.535375
43.074037,4199.191487
43.094471,nan
43.114904,4200.970071
43.135338,nan
43.155771,nan
43.176205,nan
43.196639,nan
43.217072,nan
43.237506,4202.202907
43.257939,4200.172221
43.278373,4200.295082
43.298807,4198.243712
43.319240,nan
43.339674,4197.012212
43.360107,4198.817633
43.380541,4199.636653
43.400975,4197.265102
43.421408,4197.959078
43.441842,4199.400472
43.462275,4195.112057
43.482709,4198.190777
43.503143,4196.108901
43.523576,4195.774262
43.544010,4196.184795
43.564443,4194.712900
43.584877,4194.764978
43.605311,4194.325485
43.625744,4193.288312
43.646178,4195.298827
43.666611,4194.715939
43.687045,4195.281813
43.707479,4194.519893
43.727912,4192.199499
43.748346,4194.360602
43.768780,4192.577965
43.789213,4194.302969
43.809647,4193.311121
43.830080,4191.911206
43.850514,4194.405727
43.870948,4190.670790
43.891381,4190.256362
43.911815,4194.542269
43.932248,4190.063515
43.952682,4189.134428
43.973115,4188.932815
43.993549,4189.285990
44.013983,4192.170046
44.034416,4189.331681
44.054850,4187.352444
44.075284,4189.826825
44.095717,4187.579563
44.116151,4188.569089
44.136584,4189.196663
44.157018,4185.596694
44.177452,4190.321498
44.197885,4186.438488
44.218319,4184.979082
44.238752,4186.560502
44.259186,4186.382814
44.279620,4184.014067
44.300053,4183.506388
44.320487,4186.839857
44.340920,4189.217290
44.361354,4182.670063
44.381788,4199.010035
44.402221,4184.896540
44.422655,4183.664465
44.443088,4182.813853
44.463522,4183.336041
44.483956,4181.873313
44.504389,4183.141506
44.524823,4182.034555
44.545257,4182.899574
44.565690,4185.669502
44.586124,4181.464621
44.606557,4185.306923
44.626991,4180.706323
44.647424,4185.908051
44.667858,4179.806555
44.688292,4178.466438
44.708725,4177.563594
44.729159,4178.652353
44.749592,4177.726117
44.770026,4179.178194
44.790460,4180.849236
44.810893,4177.694783
44.831327,4180.326078
44.851761,4177.177642
44.872194,4177.373331
44.892628,4178.898009
44.913061,4177.116059
44.933495,4176.312229
44.953929,4172.166458
44.974362,4173.617784
44.994796,4175.043113
45.015229,4178.794726
45.035663,4164.232792
45.056097,nan
45.076530,4173.833080
45.096964,4177.096980
45.117397,4175.290979
45.137831,4177.118871
45.158265,4175.167751
45.178698,4174.962653
45.199132,4175.217894
45.219565,4174.631749
45.239999,4172.610851
45.260433,4179.817036
45.280866,4177.898314
45.301300,4177.315282
45.321733,4174.573424
45.342167,4174.603881
45.362601,4175.736252
45.383034,4175.196637
45.403468,4175.647790
45.423901,4175.366266
45.444335,4175.839914
45.464769,4178.985646
45.485202,4174.755442
45.505636,4176.505755
45.526069,4175.698690
45.546503,4179.902058
45.566937,4174.281703
45.587370,4175.934120
45.607804,4175.950517
45.628238,4179.872231
45.648671,4176.881836
45.669105,4178.053577
45.689538,4178.815143
45.709972,4175.386037
45.730406,4180.902600
45.750839,4177.852443
45.771273,nan
45.791706,4179.234840
45.812140,4182.293226
45.832574,4185.835090
45.853007,4184.287368
45.873441,4182.940870
45.893874,4183.456184
45.914308,4182.623429
45.934742,4183.925990
45.955175,4181.334986
45.975609,4181.899255
45.996042,4182.441631
46.016476,4181.137395
46.036910,4184.556249
46.057343,4182.735889
46.077777,4180.793963
46.098210,4181.833953
46.118644,4181.449371
46.139078,4178.950650
46.159511,4178.981960
46.179945,4176.765244
46.200378,4174.019180
46.220812,4172.048913
46.241246,4175.889225
46.261679,4174.302562
46.282113,4177.830618
46.302546,4177.780301
46.322980,4175.744178
46.343414,4176.290354
46.363847,4174.467656
46.384281,4176.009708
46.404715,4175.428183
46.425148,4173.938360
46.445582,4173.233881
46.466015,4173.331828
46.486449,4172.795715
46.506882,4169.875293
46.527316,4172.393343
46.547750,4170.529281
46.568183,4169.416478
46.588617,4169.732640
46.609051,4171.604119
46.629484,4171.070342
46.649918,4170.676856
46.670351,4172.304064
46.690785,4172.462135
46.711219,4169.040483
46.731652,4170.183853
46.752086,4170.313480
46.772519,4172.918531
46.792953,4173.700535
46.813387,4170.133178
46.833820,4174.754035
46.854254,4168.643559
46.874687,4170.612816
46.895121,4169.478812
46.915555,4171.623431
46.935988,4174.096425
46.956422,4175.801949
46.976855,nan
46.997289,nan
47.017723,nan
47.038156,nan
47.058590,4158.418676
47.079024,4153.823081
47.099457,4149.249904
47.119891,4143.986222
47.140324,4135.833343
47.160758,nan
47.181191,nan
47.201625,nan
47.222059,nan
47.242492,nan
47.262926,nan
47.283359,4166.469922
47.303793,4167.869388
47.324227,4166.678033
47.344660,4167.985710
47.365094,4168.401733
47.385528,4169.152229
47.405961,4169.578243
47.426395,4167.149386
47.446828,4169.833720
47.467262,4168.510987
47.487696,4169.304578
47.508129,4177.218779
47.528563,4173.384880
47.548996,4171.193290
47.569430,4174.298234
47.589864,4173.079593
47.610297,4171.055417
47.630731,4173.080255
47.651164,4173.994390
47.671598,4174.421294
47.692032,4173.398106
47.712465,4173.367437
47.732899,4172.392109
47.753332,4169.117841
47.773766,4171.444158
47.794200,4171.853596
47.814633,4171.037760
47.835067,4169.795704
47.855500,4169.507491
47.875934,4171.043008
47.896368,4170.139273
47.916801,4173.065486
47.937235,4171.088413
47.957668,4170.323413
47.978102,nan
47.998536,4180.331880
48.018969,4183.105263
48.039403,4179.461685
48.059837,4196.510729
48.080270,4182.455824
48.100704,4182.660891
48.121137,4177.713450
48.141571,4177.959355
48.162005,4177.868057
48.182438,4182.441955
48.202872,4182.078547
48.223305,4179.633602
48.243739,4179.588951
48.264173,4178.607602
48.284606,4175.875790
48.305040,4176.141785
48.325473,4177.319076
48.345907,4185.539124
48.366341,4176.819301
48.386774,4178.306064
48.407208,nan
48.427641,4178.738960
48.448075,nan
48.468509,nan
48.488942,4184.581832
48.509376,4188.976455
48.529809,4191.193105
48.550243,4193.825621
48.570677,4187.318072
48.591110,4190.611102
48.611544,4187.628593
48.631978,4193.357591
48.652411,4186.295659
48.672845,4188.500136
48.693278,4183.865164
48.713712,4183.127707
48.734145,4185.559449
48.754579,4185.909174
48.775013,4185.793878
48.795446,nan
48.815880,4192.733747
48.836313,4194.527613
48.856747,4191.915378
48.877181,4195.018972
48.897614,4150.550878
48.918048,nan
48.938482,4131.580752
48.958915,4122.758160
48.979349,nan
48.999782,nan
49.020216,4193.398711
49.040649,4194.366537
49.061083,4192.314830
49.081517,4189.684782
49.101950,4193.433920
49.122384,4192.835803
49.142818,4198.450363
49.163251,4195.346819
49.183685,4197.696441
49.204118,4195.770972
49.224552,4198.494455
49.244986,4199.151411
49.265419,4196.199904
49.285853,4197.875900
49.306286,nan
49.326720,4203.298160
49.347154,4207.636794
49.367587,4210.303881
49.388021,4207.030419
49.408455,4203.980316
49.428888,4200.818204
49.449322,4205.347227
49.469755,4207.137840
49.490189,4205.911934
49.510622,4206.329564
49.531056,4202.640473
49.551490,4200.051577
49.571923,4201.465264
49.592357,4202.096356
49.612790,4203.449182
49.633224,4202.218726
49.653658,4205.476788
49.674091,4204.189447
49.694525,4208.369296
49.714959,4207.137303
49.735392,4206.724158
49.755826,4207.205479
49.776259,4205.384307
49.796693,4207.813804
49.817126,4206.707866
49.837560,4208.802800
49.857994,4207.338693
49.878427,nan
49.898861,4214.538176
49.919295,4214.526677
49.939728,4215.266224
49.960162,4213.673257
49.980595,4212.851352
50.001029,4213.398035
50.021463,4215.028484
50.041896,4213.370438
50.062330,4210.451524
50.082763,4209.661683
50.103197,4212.710772
50.123631,4213.950103
50.144064,4213.469095
50.164498,4211.882755
50.184931,4211.652163
50.205365,4216.514460
50.225799,4211.516407
50.246232,4217.018842
50.266666,4210.797643
50.287099,4215.375829
50.307533,4211.877023
50.327967,4214.489546
50.348400,4144.001971
50.368834,4220.651531
50.389268,4221.682323
50.409701,4221.535459
50.430135,4175.575370
50.450568,nan
50.471002,nan
50.491436,nan
50.511869,nan
50.532303,4220.283862
50.552736,4223.426160
50.573170,4226.648301
50.593603,4225.530215
50.614037,4219.804891
50.634471,4218.913128
50.654904,4217.810311
50.675338,4218.596048
50.695772,4216.404735
50.716205,4216.524457
50.736639,4216.089423
50.757072,nan
50.777506,4216.055661
50.797940,4221.227004
50.818373,4222.104220
50.838807,4220.743002
50.859240,4223.954282
50.879674,4224.737088
50.900108,4184.270389
50.920541,nan
50.940975,nan
50.961408,4224.070725
50.981842,4222.049557
51.002276,4219.669854
51.022709,nan
51.043143,4219.262587
51.063576,4215.803926
51.084010,4221.384205
51.104444,4223.294876
51.124877,4227.620984
51.145311,4226.373912
51.165744,4228.147582
51.186178,4226.107288
51.206612,4217.021949
51.227045,4217.911260
51.247479,4220.668890
51.267912,4217.019324
51.288346,4220.716191
51.308780,4217.169095
51.329213,4218.461276
51.349647,4215.709804
51.370080,4212.054258
51.390514,4214.672541
51.410948,4212.224402
51.431381,4216.412005
51.451815,4215.468180
nan,nan
nan,nan
nan,nan
51.533549,4211.176204
51.553983,4212.688949
51.574417,4210.713994
51.594850,4220.610736
51.615284,4216.255373
51.635718,4144.933082
51.656151,nan
51.676585,4215.506977
51.697018,4213.106061
51.717452,4211.740195
51.737885,4212.210246
51.758319,4211.598213
51.778753,4215.688368
51.799186,4219.574708
51.819620,4216.933119
51.840053,4213.983296
51.860487,4210.996162
51.880921,4208.607678
51.901354,4210.733177
51.921788,4210.257087
51.942221,4208.400432
51.962655,4205.526766
51.983089,4203.124244
52.003522,4203.491693
52.023956,4204.464284
52.044389,4201.847687
52.064823,4202.498389
52.085257,4203.344323
52.105690,4204.745250
52.126124,nan
52.146558,nan
52.166991,4201.657744
52.187425,4207.261966
52.207858,4208.735342
52.228292,4208.779021
52.248726,4211.095703
52.269159,4200.867176
52.289593,4201.437953
52.310026,4203.009825
52.330460,4199.581516
52.350894,4197.608749
52.371327,4199.491841
52.391761,4196.000038
52.412194,4197.113924
52.432628,4199.841666
52.453062,4196.294449
52.473495,4196.166674
52.493929,nan
52.514362,4198.859054
52.534796,4201.638128
52.555230,4203.982611
52.575663,4200.260454
52.596097,4200.182386
52.616530,4141.489532
52.636964,nan
52.657398,4200.080271
52.677831,4197.609991
52.698265,4196.465281
52.718699,4192.041763
52.739132,4192.177153
52.759566,4192.960874
52.779999,4191.913990
52.800433,4195.924246
52.820866,4199.334317
52.841300,4198.301794
52.861734,4195.417708
52.882167,nan
52.902601,nan
52.923035,nan
52.943468,nan
52.963902,4195.156934
52.984335,4196.337494
53.004769,4198.405599
53.025203,4199.285684
53.045636,4199.498955
53.066070,4200.227306
53.086503,4226.313209
53.106937,4192.526994
53.127371,4178.884845
53.147804,4194.671301
53.168238,4190.530049
53.188671,4191.650754
53.209105,4196.374938
53.229539,4190.100680
53.249972,4189.421672
53.270406,4188.705893
53.290839,4187.433965
53.311273,4188.643997
53.331707,4189.558826
53.352140,4188.407884
53.372574,4188.730324
53.393007,4193.101886
53.413441,4192.015467
53.433875,4191.569462
53.454308,4188.202496
53.474742,4190.420725
53.495176,4187.625747
53.515609,4188.737001
53.536043,4189.576904
53.556476,4186.647734
53.576910,4187.994618
53.597343,4193.705688
53.617777,nan
53.638211,4193.983039
53.658644,4193.340513
53.679078,4195.113725
53.699511,4193.502837
53.719945,4197.372350
53.740379,4202.308686
53.760812,4200.000770
53.781246,4198.944065
53.801680,4196.876528
53.822113,4195.030226
53.842547,4197.228045
53.862980,4195.275092
53.883414,4193.166144
53.903848,4191.327873
53.924281,4190.132580
53.944715,4190.472251
53.965148,4191.950333
53.985582,4191.399037
54.006016,4189.913184
54.026449,4193.419386
54.046883,nan
54.067316,nan
54.087750,4197.727391
54.108184,4146.828623
54.128617,4197.731814
54.149051,4195.436535
54.169484,4199.261108
54.189918,4197.063141
54.210352,4192.894232
54.230785,4190.263192
54.251219,4192.076349
54.271652,4194.615604
54.292086,4192.413652
54.312520,4194.078999
54.332953,4198.945410
54.353387,4158.342277
54.373821,4199.546104
54.394254,4198.259441
54.414688,4196.280012
54.435121,nan
54.455555,4199.534024
54.475989,4204.215075
54.496422,4206.107697
54.516856,4204.294646
54.537289,4198.356349
54.557723,4199.161409
54.578157,4198.695846
54.598590,4196.464107
54.619024,4197.551443
54.639457,4196.168177
54.659891,4200.415443
54.680325,4197.460578
54.700758,4205.289068
54.721192,4196.265387
54.741625,4201.476598
54.762059,4199.469900
54.782493,4120.591262
54.802926,4201.787490
54.823360,4188.001653
54.843793,nan
54.864227,nan
54.884661,4197.327108
54.905094,4194.157911
54.925528,4195.629472
54.945961,4194.262028
54.966395,4197.879374
54.986829,4194.875584
55.007262,4196.929929
55.027696,4197.315218
55.048129,4195.284246
55.068563,4197.377440
55.088997,4198.087333
55.109430,4202.627395
55.129864,4198.819313
55.150297,4203.982355
55.170731,4199.826097
55.191165,4198.733308
55.211598,4197.464544
55.232032,4195.439401
55.252466,4197.299047
55.272899,4198.020460
55.293333,4198.588795
55.313766,4197.079721
55.334200,4199.850226
55.354634,nan
55.375067,4200.882208
55.395501,4202.938876
55.415934,4201.871122
55.436368,4207.955342
55.456802,4211.125979
55.477235,4202.123765
55.497669,4200.314452
55.518102,4202.387015
55.538536,4203.605781
55.558970,4202.979052
55.579403,nan
55.599837,4195.263501
55.620270,4195.539514
55.640704,4196.619974
55.661138,4196.345305
55.681571,4194.761669
55.702005,4197.863550
55.722439,4199.804431
55.742872,4200.908145
55.763306,4202.971041
55.783739,4204.123826
55.804173,nan
55.824606,nan
55.845040,4199.764305
55.865474,4200.928375
55.885907,4199.465424
55.906341,4197.507936
55.926774,4196.792190
55.947208,4193.695442
55.967642,4193.817794
55.988075,4193.665840
56.008509,4196.371402
56.028943,4195.608405
56.049376,4198.333614
56.069810,4202.282969
56.090243,4192.914605
56.110677,4190.507483
56.131111,4194.001410
56.151544,4194.516790
56.171978,4191.613268
56.192411,4191.060590
56.212845,4194.300849
56.233279,4197.130446
56.253712,4196.033332
56.274146,nan
56.294579,nan
56.315013,nan
56.335447,4190.186123
56.355880,4193.301305
56.376314,4197.328874
56.396748,4195.515143
56.417181,4194.570694
56.437615,4191.417935
56.458048,4189.905099
56.478482,4190.646006
56.498915,4188.264307
56.519349,4185.615313
56.539783,4185.089046
56.560216,4184.884643
56.580650,4184.171375
56.601083,4184.250629
56.621517,4183.947447
56.641951,4184.193521
56.662384,4184.252085
56.682818,4184.219809
56.703251,4184.467085
56.723685,4189.583577
56.744119,4188.460211
56.764552,4187.450077
56.784986,4187.095833
56.805420,4179.214614
56.825853,nan
56.846287,4185.221146
56.866720,4186.475101
56.887154,4189.457261
56.907588,4185.226705
56.928021,4180.877777
56.948455,4179.876001
56.968888,4183.598918
56.989322,4181.834001
57.009756,4181.755825
57.030189,4180.866315
57.050623,nan
57.071056,4182.562156
57.091490,4187.593047
57.111924,4189.739190
57.132357,4193.310291
57.152791,4189.711170
57.173224,4190.375871
57.193658,4186.772458
57.214092,4182.996486
57.234525,nan
57.254959,nan
57.275392,4181.785314
57.295826,4157.959164
57.316260,4181.425031
57.336693,4182.362203
57.357127,4181.354216
57.377560,4179.521938
57.397994,4181.153900
57.418428,4181.039661
57.438861,4182.549220
57.459295,4182.917346
57.479729,4186.629176
57.500162,4187.806013
57.520596,nan
57.541029,nan
57.561463,4189.403050
57.581897,4187.281926
57.602330,4182.959995
57.622764,4182.751663
57.643197,4183.330611
57.663631,4183.062470
57.684065,4181.185478
57.704498,4177.886341
57.724932,4179.703006
57.745365,4180.965699
57.765799,4179.955495
57.786233,4181.823382
57.806666,4184.262041
57.827100,4182.805621
57.847533,4180.877881
57.867967,4180.237311
57.888401,4179.796824
57.908834,4181.871692
57.929268,4181.919375
57.949701,4181.538574
57.970135,4183.387647
57.990569,4181.927706
58.011002,4184.930055
58.031436,4184.176758
58.051870,4186.638876
58.072303,4187.587284
58.092737,4186.669826
58.113170,4185.206718
58.133604,4181.704180
58.154037,4178.259347
58.174471,4181.122140
58.194905,4181.950260
58.215338,nan
58.235772,nan
58.256206,4162.239232
58.276639,4148.742645
58.297073,4175.175964
58.317506,4178.716057
58.337940,4177.714973
58.358374,4178.589680
58.378807,4180.057667
58.399241,nan
58.419674,4177.467956
58.440108,4177.292710
58.460542,4176.530577
58.480975,4179.558243
58.501409,nan
58.521842,nan
58.542276,4171.338287
58.562710,4170.310389
58.583143,4173.496734
58.603577,nan
58.624010,4176.358950
58.644444,4174.867962
58.664878,4175.494649
58.685311,4173.539280
58.705745,4178.225373
58.726179,nan
58.746612,nan
58.767046,nan
58.787479,nan
58.807913,4171.588530
58.828347,4172.026368
58.848780,4174.082226
58.869214,4171.777334
58.889647,4173.373199
58.910081,4169.949720
58.930514,4166.913062
58.950948,4166.833460
58.971382,4167.742214
58.991815,4166.783791
59.012249,nan
59.032683,4172.752853
59.053116,4176.756971
59.073550,4174.668159
59.093983,4171.539879
59.114417,4167.353912
59.134851,4169.410367
59.155284,4170.391885
59.175718,4167.761129
59.196151,4166.601372
59.216585,4164.012903
59.237019,nan
59.257452,nan
59.277886,4167.456821
59.298319,4170.565852
59.318753,4172.454179
59.339187,4172.849871
59.359620,4168.772456
59.380054,4167.408912
59.400487,4165.187054
59.420921,4168.157271
59.441355,4168.153904
59.461788,4163.166899
59.482222,4161.137849
59.502656,4162.046215
59.523089,nan
59.543523,4165.053023
59.563956,nan
59.584390,4165.849654
59.604824,4171.847433
59.625257,nan
59.645691,4171.991201
59.666124,4166.318242
59.686558,4164.295773
59.706991,4163.748900
59.727425,4166.163282
59.747859,4163.248345
59.768292,4160.137767
59.788726,4161.735226
59.809160,4164.242435
59.829593,4165.440353
59.850027,nan
59.870460,4164.641766
59.890894,nan
59.911328,4169.876747
59.931761,4169.713788
59.952195,4167.937002
59.972628,4167.544437
59.993062,nan
60.013496,4171.910072
60.033929,4166.981912
60.054363,4165.520195
60.074796,4170.142582
60.095230,4167.523731
60.115664,4166.909198
60.136097,4165.633109
60.156531,4166.148281
60.176964,4168.492110
60.197398,4169.012133
60.217832,4167.751358
60.238265,4173.476673
60.258699,4176.686095
60.279133,4171.097355
60.299566,4167.865855
60.320000,4170.465848
60.340433,4169.659168
60.360867,4169.183429
60.381301,4173.309743
60.401734,4173.986730
60.422168,4176.256322
60.442601,4180.787975
60.463035,nan
60.483469,nan
60.503902,4177.556811
60.524336,4182.735835
60.544769,4181.905453
60.565203,4178.606259
60.585637,4178.524301
60.606070,4178.220644
60.626504,4181.750181
60.646938,4176.827817
60.667371,4177.274771
60.687805,4177.408666
60.708238,nan
60.728672,nan
60.749105,nan
60.769539,4193.722695
60.789973,4187.923727
60.810406,4184.545097
60.830840,4179.513364
60.851273,4183.350377
60.871707,4182.163927
60.892141,4183.357716
60.912574,4182.953195
60.933008,4181.878227
60.953441,4180.522392
60.973875,4168.206387
60.994309,4182.697555
61.014742,4184.883265
61.035176,4181.840449
61.055610,4180.977173
61.076043,4182.044570
61.096477,4182.870791
61.116910,4181.402598
61.137344,4182.275130
61.157778,4179.570719
61.178211,4183.686757
61.198645,nan
61.219078,nan
61.239512,4192.830259
61.259946,4191.716885
61.280379,4190.756217
61.300813,4183.472279
61.321246,4187.715621
61.341680,4196.348914
61.362114,4187.475685
61.382547,4185.784402
61.402981,4182.163635
61.423414,4184.373970
61.443848,4186.688600
61.464282,4186.605901
61.484715,4185.882789
61.505149,4182.281624
61.525582,4183.025081
61.546016,4184.942427
61.566450,4183.826974
61.586883,4188.603210
61.607317,4191.244345
61.627750,nan
61.648184,4190.716081
61.668618,4190.954123
61.689051,nan
61.709485,nan
61.729919,4195.179325
61.750352,4189.227464
61.770786,4188.581403
61.791219,4189.141138
61.811653,4185.072757
61.832087,4184.845498
61.852520,4183.907868
61.872954,4186.418381
61.893387,4184.493213
61.913821,4185.093615
61.934255,4187.621297
61.954688,4187.296054
61.975122,4185.802369
61.995555,4186.293194
62.015989,nan
62.036423,4189.034170
62.056856,4192.324232
62.077290,4190.462567
62.097723,4184.667605
62.118157,4184.094399
62.138591,4168.080815
62.159024,4182.734887
62.179458,4176.487756
62.199892,4163.884517
62.220325,4178.522288
62.240759,4176.414327
62.261192,4178.987531
62.281626,4190.148626
62.302059,nan
62.322493,4183.923481
62.342927,4181.387233
62.363360,4182.094978
62.383794,nan
62.404227,nan
62.424661,4177.917023
62.445095,4141.354876
62.465528,4175.488146
62.485962,4175.785401
62.506396,4173.474490
62.526829,nan
62.547263,4180.608546
62.567696,4181.492902
62.588130,4178.259322
62.608564,4131.540451
62.628997,nan
62.649431,4182.357698
62.669864,4177.371996
62.690298,4173.790440
62.710732,nan
62.731165,nan
62.751599,nan
62.772032,nan
62.792466,nan
62.812900,4176.848532
62.833333,4177.113580
62.853767,4177.473329
62.874200,4180.687529
62.894634,4173.423052
62.915068,4169.484475
62.935501,4173.017601
62.955935,4168.236855
62.976368,4169.786346
62.996802,4168.055818
63.017236,4170.170876
63.037669,4168.212240
63.058103,4166.346048
63.078537,4164.938445
63.098970,4166.333038
63.119404,4166.126468
63.139837,4171.415255
63.160271,4171.247012
63.180704,4171.458654
63.201138,4169.072344
63.221572,4165.207354
63.242005,4167.178557
63.262439,4165.538212
63.282873,4163.892366
63.303306,4166.096007
63.323740,4166.459777
63.344173,4162.608093
63.364607,4167.537915
63.385041,4169.671103
63.405474,4172.857341
63.425908,4169.270972
63.446341,4167.757301
63.466775,4166.514220
63.487209,4165.541839
63.507642,4169.865519
63.528076,4162.209200
63.548509,4164.310389
63.568943,4166.645267
63.589377,4167.261128
63.609810,4166.386439
63.630244,4166.250095
63.650677,4169.916852
63.671111,4169.025285
63.691545,4170.006137
63.711978,4166.354336
63.732412,4168.902450
63.752845,4167.704621
63.773279,4167.817548
63.793713,4165.510356
63.814146,4168.383258
63.834580,4169.983466
63.855014,4169.609869
63.875447,4171.498550
63.895881,4172.448253
63.916314,nan
63.936748,4175.104799
63.957181,4172.141804
63.977615,4172.937912
63.998049,4173.320934
64.018482,4170.373731
64.038916,4175.027138
64.059349,4173.000595
64.079783,4170.249984
64.100217,4173.545128
64.120650,4171.420565
64.141084,4176.180695
64.161518,4176.671365
64.181951,4172.637939
64.202385,4174.248819
64.222818,4172.581215
64.243252,4174.019809
64.263686,4175.918652
64.284119,nan
64.304553,4181.643182
64.324986,4179.646868
64.345420,4181.962098
64.365854,4138.427511
64.386287,nan
64.406721,nan
64.427154,nan
64.447588,4180.797787
64.468022,4178.238191
64.488455,4183.712152
64.508889,4190.472469
64.529323,4186.578803
64.549756,4184.191486
64.570190,4183.079431
64.590623,4184.300819
64.611057,4181.783194
64.631491,4180.136382
64.651924,4182.069202
64.672358,nan
64.692791,4189.136199
64.713225,4185.617764
64.733659,4185.736022
64.754092,4184.634856
64.774526,4185.951388
64.794959,4187.218409
64.815393,4187.007725
64.835827,4184.750511
64.856260,4183.861728
64.876694,nan
64.897128,nan
64.917561,4186.789383
64.937995,nan
64.958428,4192.785064
64.978862,4195.083547
64.999295,4197.166125
65.019729,4197.203673
65.040163,4195.646672
65.060596,nan
65.081030,4168.259741
65.101463,4193.423914
65.121897,4193.963964
65.142331,4189.989361
65.162764,4190.016319
65.183198,4190.416869
65.203632,4193.913195
65.224065,4192.897925
65.244499,4191.158006
65.264932,4199.250671
65.285366,4196.973758
65.305800,nan
65.326233,nan
65.346667,4196.545474
65.367100,4198.950714
65.387534,4199.733356
65.407968,4196.254874
65.428401,4194.749411
65.448835,4196.163558
65.469268,4192.115706
65.489702,4189.496877
65.510136,4193.411094
65.530569,4195.650128
65.551003,4197.592046
65.571436,4201.163084
65.591870,4206.630920
65.612304,4199.872445
65.632737,4198.052033
65.653171,4197.787369
65.673604,4194.724282
65.694038,4196.671664
65.714472,4195.036721
65.734905,4193.506137
65.755339,4195.676356
65.775772,4195.439519
65.796206,4199.254186
65.816640,4201.607404
65.837073,4199.324118
65.857507,4204.133039
65.877940,nan
65.898374,4197.676594
65.918808,4198.071989
65.939241,4201.171715
65.959675,4201.789159
65.980108,4199.585284
66.000542,4192.349181
66.020976,4195.929315
66.041409,4197.480963
66.061843,4195.977375
66.082276,4199.158262
66.102710,4202.855823
66.123144,4202.204282
66.143577,4203.501570
66.164011,4200.374181
66.184445,4203.337204
66.204878,4199.446492
66.225312,4198.778023
66.245745,4197.318606
66.266179,4196.603911
66.286613,4200.188723
66.307046,4201.724847
66.327480,4204.794394
66.347913,4206.058641
66.368347,nan
66.388781,4209.346656
66.409214,4209.560329
66.429648,4204.174259
66.450081,4204.028121
66.470515,4206.431649
66.490949,4205.080903
66.511382,4200.804136
66.531816,4204.008874
66.552250,4200.604073
66.572683,4200.384980
66.593117,4197.954161
66.613550,4207.346984
66.633984,nan
66.654417,4207.075875
66.674851,4206.849994
66.695285,4204.280339
66.715718,4215.396808
66.736152,4208.508046
66.756585,4203.287031
66.777019,4200.434588
66.797453,4200.356049
66.817886,4201.983662
66.838320,4200.363766
66.858754,nan
66.879187,4211.710280
66.899621,4209.070055
66.920054,4208.033030
66.940488,4205.455276
66.960922,4204.637744
66.981355,4199.754926
67.001789,4205.398449
67.022222,4200.801333
67.042656,4199.834900
67.063090,4197.808251
67.083523,4193.509779
67.103957,4196.349892
67.124391,nan
67.144824,4200.138374
67.165258,4205.458981
67.185691,nan
67.206125,4203.957237
67.226558,4202.221356
67.246992,4200.924844
67.267426,4195.226927
67.287859,4196.888540
67.308293,4195.973783
67.328727,4212.277376
67.349160,4190.322012
67.369594,4193.617370
67.390027,nan
67.410461,4193.819234
67.430895,4195.134421
67.451328,4150.239564
67.471762,4200.754720
67.492195,4194.370063
67.512629,4195.756169
67.533062,4197.599127
67.553496,4195.570297
67.573930,4190.715409
67.594363,nan
67.614797,4192.697687
67.635231,4192.611946
67.655664,4195.771082
67.676098,4198.674974
67.696531,4195.899057
67.716965,4190.307122
67.737399,4190.252140
67.757832,4194.619125
67.778266,4191.964525
67.798699,4190.840415
67.819133,4188.541929
67.839567,4163.164036
67.860000,4188.900976
67.880434,4191.766960
67.900868,4189.115320
67.921301,nan
67.941735,nan
67.962168,4150.274174
67.982602,4198.545923
68.003035,4191.730902
68.023469,4193.687357
68.043903,4193.272075
68.064336,4179.391920
68.084770,4174.902652
68.105203,4194.007562
68.125637,4188.554395
68.146071,4190.898154
68.166504,4190.037426
68.186938,4190.526757
68.207372,4187.423259
68.227805,4187.560218
68.248239,4188.293194
68.268672,4198.950064
68.289106,4188.949009
68.309539,4189.490117
68.329973,nan
68.350407,4191.475780
68.370840,4196.772187
68.391274,4197.676775
68.411708,4196.739354
68.432141,4193.081252
68.452575,4188.621265
68.473008,4194.158856
68.493442,4191.654211
68.513876,nan
68.534309,4187.523109
68.554743,4189.733793
68.575176,nan
68.595610,nan
68.616044,nan
68.636477,nan
68.656911,nan
68.677344,nan
68.697778,nan
68.718212,4195.470226
68.738645,4195.811973
68.759079,4196.356753
68.779512,4196.416019
68.799946,4188.178634
68.820380,4177.541979
68.840813,4189.183345
68.861247,4190.925115
68.881681,4189.535747
68.902114,4188.033940
68.922548,4184.178667
68.942981,4185.673260
68.963415,4185.919083
68.983849,4185.497372
69.004282,4185.232918
69.024716,4186.226082
69.045149,4186.774031
69.065583,nan
69.086017,4191.170841
69.106450,4186.243100
69.126884,4188.512176
69.147317,4189.761900
69.167751,4188.343402
69.188185,4188.222501
69.208618,4186.775961
69.229052,4185.745616
69.249485,4183.608111
69.269919,4186.769852
69.290353,nan
69.310786,nan
69.331220,4196.639202
69.351653,4194.960601
69.372087,4191.625479
69.392521,4188.392757
69.412954,4190.542759
69.433388,4190.027978
69.453821,4188.506094
69.474255,4188.436170
69.494689,4184.789941
69.515122,4189.087027
69.535556,nan
69.555989,nan
69.576423,4191.357278
69.596857,4198.671556
69.617290,4196.323939
69.637724,4196.737822
69.658158,4197.618119
69.678591,4191.947072
69.699025,4195.184639
69.719458,4189.781694
69.739892,4191.995355
69.760326,4189.096917
69.780759,nan
69.801193,nan
69.821626,4192.725452
69.842060,nan
69.862494,4190.229947
69.882927,4193.380256
69.903361,4194.243908
69.923794,4198.525952
69.944228,4195.749640
69.964662,4195.339845
69.985095,4196.717186
70.005529,4171.694084
70.025962,4135.586101
70.046396,nan
70.066830,4196.145660
70.087263,4197.053772
70.107697,4192.224776
70.128131,4190.297571
70.148564,4198.058810
70.168998,4195.347869
70.189431,4195.667636
70.209865,4192.706051
70.230298,4197.641126
70.250732,4203.585150
70.271166,4201.112864
70.291599,nan
70.312033,4197.368041
70.332466,4198.077550
70.352900,4200.659546
70.373334,4198.790981
70.393767,4196.713392
70.414201,4195.647282
70.434635,4195.428172
70.455068,4197.494074
70.475502,4196.691730
70.495935,4198.722844
70.516369,nan
70.536803,nan
70.557236,nan
70.577670,4208.997258
70.598103,4202.565848
70.618537,4206.489645
70.638971,4201.211944
70.659404,4199.526748
70.679838,4201.924594
70.700271,4202.478081
70.720705,4202.568381
70.741139,4201.007545
70.761572,4203.159643
70.782006,4172.956807
70.802439,4198.527940
70.822873,4198.822786
70.843307,4198.469697
70.863740,4199.626039
70.884174,4199.365670
70.904608,4203.550974
70.925041,4200.040115
70.945475,4203.759187
70.965908,4203.633287
70.986342,4204.447279
71.006775,4210.671879
71.027209,4205.777250
71.047643,4199.122301
71.068076,4197.532753
71.088510,4201.206448
71.108943,4198.550244
71.129377,4199.894753
71.149811,4199.282909
71.170244,4199.247588
71.190678,4201.148183
71.211112,4205.537341
71.231545,4204.978715
71.251979,4206.124045
71.272412,4203.004410
71.292846,4198.538675
71.313280,4200.088285
71.333713,4198.236176
71.354147,4198.723889
71.374580,4201.541727
71.395014,4202.451130
71.415448,4199.973795
71.435881,4201.267310
71.456315,4201.527546
71.476748,4203.829507
71.497182,4207.965946
71.517616,4202.146621
71.538049,4196.067335
71.558483,4199.558634
71.578916,4206.478440
71.599350,4197.863956
71.619784,4198.783102
71.640217,4200.924482
71.660651,4202.262595
71.681085,4206.324618
71.701518,4204.447087
71.721952,4202.826008
71.742385,4202.432207
71.762819,4131.717378
71.783253,4199.523629
71.803686,4199.020844
71.824120,4199.820939
71.844553,4196.819159
71.864987,4198.370899
71.885421,4199.909974
71.905854,4205.445425
71.926288,nan
71.946721,4201.856560
71.967155,4199.559711
71.987589,4202.673884
72.008022,4202.598509
72.028456,4197.869717
72.048889,4197.314063
72.069323,4193.838844
72.089757,4198.448910
72.110190,4195.523301
72.130624,4197.746125
72.151057,4199.336810
72.171491,4202.332295
72.191925,4204.340065
72.212358,4201.994523
72.232792,4198.521848
72.253225,nan
72.273659,4198.935665
72.294093,4194.490216
72.314526,4194.917569
72.334960,4195.079422
72.355393,4201.000204
72.375827,4204.341474
72.396261,nan
72.416694,4198.965550
72.437128,4198.874926
72.457562,4199.920232
72.477995,4200.285541
72.498429,4137.837271
72.518862,nan
72.539296,4199.249019
72.559730,4200.545649
72.580163,4200.547273
72.600597,4199.788914
72.621030,4197.315375
72.641464,4198.836462
72.661898,4194.576862
72.682331,4195.736186
72.702765,4200.170373
72.723198,4198.064180
72.743632,nan
72.764066,4204.381274
72.784499,4210.614424
72.804933,4207.497722
72.825366,4209.490681
72.845800,4207.177945
72.866234,4204.377029
72.886667,nan
72.907101,4201.047873
72.927534,4178.744673
72.947968,4202.131967
72.968402,4203.033258
72.988835,4204.013181
73.009269,4198.227083
73.029702,4199.601607
73.050136,4199.005514
73.070570,4201.861221
73.091003,4201.071679
73.111437,4202.852665
73.131871,4203.171537
73.152304,4205.781881
73.172738,4209.184902
73.193171,4209.772687
73.213605,4210.904917
73.234039,4207.880016
73.254472,4201.179577
73.274906,4200.731078
73.295339,4203.148214
73.315773,4204.097084
73.336207,4201.833851
73.356640,4204.687790
73.377074,4203.134530
73.397507,4208.947624
73.417941,4216.303045
73.438375,4210.680526
73.458808,4211.532389
73.479242,nan
73.499675,4211.121825
73.520109,4209.149665
73.540543,4206.863339
73.560976,4205.729282
73.581410,4205.072713
73.601844,4204.463346
73.622277,4207.594098
73.642711,4202.654699
73.663144,4205.634528
73.683578,4205.970803
73.704012,nan
73.724445,nan
73.744879,4213.489213
73.765312,4209.673511
73.785746,4207.824507
73.806179,4206.239695
73.826613,4207.224727
73.847047,4207.768265
73.867480,4202.663267
73.887914,4203.613927
73.908348,4201.582586
73.928781,4204.413394
73.949215,nan
73.969648,nan
73.990082,4209.791193
74.010516,4214.221508
74.030949,4210.258465
74.051383,4209.430350
74.071816,4206.394223
74.092250,4206.259806
74.112684,4205.784440
74.133117,4203.596347
74.153551,nan
74.173984,4201.016389
74.194418,4198.689390
74.214852,4199.257698
74.235285,4126.292121
74.255719,4200.113973
74.276152,4198.087717
74.296586,4203.910558
74.317020,4205.856025
74.337453,4203.558988
74.357887,4204.012715
74.378320,4203.806315
74.398754,4203.134084
74.419188,nan
74.439621,nan
74.460055,nan
74.480489,nan
74.500922,4206.803171
74.521356,4209.696756
74.541789,4206.892501
74.562223,4210.183009
74.582657,4209.131968
74.603090,4208.899055
74.623524,4204.169977
74.643957,nan
74.664391,4202.305160
74.684825,4205.074167
74.705258,4188.976784
74.725692,4201.489120
74.746125,4200.417216
74.766559,4197.622689
74.786993,4199.804979
74.807426,4199.623213
74.827860,4200.765769
74.848293,4200.523356
74.868727,4199.007840
74.889161,4197.149929
74.909594,4200.569957
74.930028,4201.807930
74.950461,nan
74.970895,4206.750952
74.991329,4203.808581
75.011762,4204.848469
75.032196,4204.058205
75.052629,4206.570393
75.073063,4203.355369
75.093497,4204.229153
75.113930,4201.877812
75.134364,4199.763701
75.154798,4201.369729
75.175231,4203.548246
75.195665,4201.979674
75.216098,4205.348572
75.236532,4202.092429
75.256966,4206.129175
75.277399,4206.530725
75.297833,4206.197817
75.318266,4204.946261
75.338700,4207.095759
75.359134,4202.595443
75.379567,4204.682758
75.400001,4206.127294
75.420434,4204.889835
75.440868,4206.688125
75.461302,4209.770261
75.481735,4208.101836
75.502169,4208.481933
75.522603,4207.689690
75.543036,4207.704048
75.563470,4206.103245
75.583903,4204.182503
75.604337,4205.948831
75.624770,4207.429433
75.645204,4207.862580
75.665638,4206.870368
75.686071,4207.860136
75.706505,4212.175266
75.726938,4211.473080
75.747372,4210.335658
75.767806,4209.798643
75.788239,4208.396837
75.808673,4209.752082
75.829106,4209.744757
75.849540,4208.619497
75.869974,4212.181980
75.890407,4212.119223
75.910841,4213.793378
75.931275,4219.658142
75.951708,4209.423644
75.972142,4210.561942
75.992575,4212.577274
76.013009,4212.898982
76.033443,4211.336894
76.053876,4217.267409
76.074310,nan
76.094743,4215.765196
76.115177,4215.807880
76.135611,4172.066612
76.156044,4217.844829
76.176478,4202.215291
76.196911,4216.485740
76.217345,4205.323480
76.237779,4200.593584
76.258212,nan
76.278646,4214.262693
76.299080,4222.798259
76.319513,4222.210048
76.339947,4220.855759
76.360380,4220.958992
76.380814,4213.179957
76.401247,4216.907043
76.421681,4215.948795
76.442115,nan
76.462548,4210.280968
76.482982,4208.522352
76.503416,4212.283643
76.523849,4211.844018
76.544283,4213.551858
76.564716,4212.291255
76.585150,4210.584653
76.605584,4213.056185
76.626017,4231.268911
76.646451,4217.070952
76.666884,4217.530983
76.687318,4212.992807
76.707752,4211.367274
76.728185,4214.354247
76.748619,4211.062789
76.769052,4213.805214
76.789486,4209.535105
76.809920,4210.014330
76.830353,4207.272079
76.850787,4211.720122
76.871220,4209.312651
76.891654,4214.693562
76.912088,4217.510917
76.932521,4211.235006
76.952955,4210.693584
76.973388,4212.030171
76.993822,4211.634826
77.014256,4209.519576
77.034689,4213.475052
77.055123,4218.101592
77.075556,4219.262961
77.095990,4223.660659
77.116424,4219.501558
77.136857,4218.561705
77.157291,nan
77.177725,4216.028315
77.198158,4218.793070
77.218592,4214.963479
77.239025,4216.796419
77.259459,4216.195153
77.279893,4215.700509
77.300326,4213.240815
77.320760,4211.950920
77.341193,4213.946721
77.361627,4216.191146
77.382061,4218.876974
77.402494,nan
77.422928,4220.369482
77.443361,4223.686470
77.463795,4223.439141
77.484229,4218.056973
77.504662,4222.660318
77.525096,4216.846595
77.545529,4215.814154
77.565963,4216.548137
77.586397,nan
77.606830,4198.536211
77.627264,4214.120555
77.647697,4197.646400
77.668131,4212.069908
77.688565,4215.228762
77.708998,4211.879810
77.729432,4211.921268
77.749865,4212.748681
77.770299,4216.233362
77.790733,4215.103728
77.811166,4220.045134
77.831600,nan
77.852033,4216.542121
77.872467,4215.431066
77.892901,4216.044256
77.913334,4216.815456
77.933768,4210.787531
77.954202,4212.862078
77.974635,4215.147801
77.995069,4212.082423
78.015502,4213.757757
78.035936,4211.978617
78.056370,4216.126332
78.076803,4218.018759
78.097237,4222.409651
78.117670,4223.070922
78.138104,4218.024060
78.158538,4215.245690
78.178971,4214.007808
78.199405,4214.982684
78.219838,4219.032006
78.240272,4214.257214
78.260706,4214.551192
78.281139,4218.824687
78.301573,4221.454241
78.322006,4225.045190
78.342440,4220.474028
78.362874,4217.574043
78.383307,4217.771596
78.403741,4216.625350
78.424174,4221.413769
78.444608,4221.455388
78.465042,4216.029630
78.485475,4215.458861
78.505909,4214.612130
78.526343,4219.579545
78.546776,4215.828246
78.567210,4215.260263
78.587643,4218.626767
78.608077,4227.275473
78.628510,4226.685344
78.648944,nan
78.669378,4223.244892
78.689811,4205.218097
78.710245,4218.192124
78.730679,4215.722217
78.751112,4217.000639
78.771546,4218.341206
78.791979,4217.974942
78.812413,4218.128098
78.832847,4219.266001
78.853280,4227.336530
78.873714,4226.173731
78.894147,4150.549185
78.914581,4223.845165
