MJD-57216.958185,Flux
0.000000,1188.490152
0.020434,1189.242849
0.040867,1189.718638
0.061301,1189.409149
0.081734,1189.919728
0.102168,1188.431202
0.122602,1191.412877
0.143035,1189.141621
0.163469,1189.096320
0.183902,1187.892936
0.204336,1187.854851
0.224770,1188.734735
0.245203,1187.333407
0.265637,1187.893766
0.286070,1187.929922
0.306504,1188.889661
0.326938,1189.305559
0.347371,1187.961866
0.367805,1188.386576
0.388238,nan
0.408672,nan
0.429106,1192.897853
0.449539,1193.967565
0.469973,1193.674464
0.490407,1193.059241
0.510840,1193.949144
0.531274,1193.448037
0.551707,1194.401031
0.572141,1194.991358
0.592574,1192.975134
0.613008,1192.866502
0.633442,1193.498227
0.653875,1192.456493
0.674309,1194.420492
0.694743,1192.846989
0.715176,1193.352981
0.735610,1192.168638
0.756043,1191.147899
0.776477,1192.322939
0.796911,1191.314061
0.817344,1191.527901
0.837778,1191.512152
0.858211,1190.954971
0.878645,1191.633083
0.899079,1191.512715
0.919512,1192.898025
0.939946,1190.945831
0.960379,1190.453822
0.980813,1189.729147
1.001247,1190.837625
1.021680,1191.971005
1.042114,1190.495481
1.062547,1189.913024
1.082981,1188.143311
1.103415,1191.156920
1.123848,1189.955808
1.144282,1190.012760
1.164715,1191.042490
1.185149,1191.543290
1.205583,1190.869033
1.226016,1190.134473
1.246450,1190.305698
1.266884,1189.375023
1.287317,1189.684956
1.307751,1190.530660
1.328184,1191.067037
1.348618,1190.936333
1.369051,1190.605277
1.389485,1190.210221
1.409919,1189.882461
1.430352,1189.934548
1.450786,1190.592140
1.471220,1191.209201
1.491653,1191.034515
1.512087,1189.155848
1.532520,1188.955377
1.552954,1188.796559
1.573388,1189.155320
1.593821,1189.959881
1.614255,1188.723664
1.634688,1163.881855
1.655122,1197.661140
1.675556,1198.274662
1.695989,1198.710574
1.716423,1196.624409
1.736856,1198.136127
1.757290,1196.982684
1.777724,1198.457997
1.798157,1196.947960
1.818591,1198.660546
1.839024,1197.503171
1.859458,1196.960578
1.879892,1196.948223
1.900325,nan
1.920759,1195.354920
1.941192,1196.628496
1.961626,1195.355722
1.982060,1194.476087
2.002493,1193.974652
2.022927,1194.740047
2.043360,1193.236371
2.063794,1193.513945
2.084228,1194.545417
2.104661,1193.948179
2.125095,1194.462391
2.145528,1194.290924
2.165962,1194.327126
2.186396,1193.256732
2.206829,1191.496225
2.227263,1192.133897
2.247696,1190.806436
2.268130,1192.323031
2.288564,1191.532818
2.308997,1192.600188
2.329431,1192.494266
2.349864,1192.224939
2.370298,1191.650387
2.390732,1192.267364
2.411165,1192.888741
2.431599,1191.798290
2.452032,1193.020876
2.472466,1191.448177
2.492900,1191.813305
2.513333,1191.831904
2.533767,1190.699625
2.554201,1189.011933
2.574634,1191.379002
2.595068,1190.833596
2.615501,1190.488394
2.635935,1189.709939
2.656369,1190.409032
2.676802,1189.665054
2.697236,1190.053072
2.717669,1190.373292
2.738103,1191.044385
2.758537,1192.116891
2.778970,1189.663729
2.799404,1190.640897
2.819837,1190.731615
2.840271,1190.578315
2.860705,1189.512345
2.881138,1190.748205
2.901572,1190.864924
2.922005,1190.182145
2.942439,1192.294567
2.962873,1192.280229
2.983306,1191.524192
3.003740,1189.316938
3.024173,1189.709293
3.044607,1189.758447
3.065041,1192.074081
3.085474,1190.893622
3.105908,1169.069364
3.126341,1195.718739
3.146775,1196.727391
3.167209,1195.369076
3.187642,1195.213032
3.208076,1195.411495
3.228509,1195.607814
3.248943,1196.523853
3.269377,1196.716645
3.289810,1195.440858
3.310244,1197.174334
3.330677,1194.654707
3.351111,1194.940429
3.371545,1195.980565
3.391978,1195.667837
3.412412,1194.526479
3.432845,1195.254318
3.453279,1195.071894
3.473713,1194.319947
3.494146,1195.289692
3.514580,1193.805859
3.535014,1194.116338
3.555447,1193.506905
3.575881,1194.262706
3.596314,1193.241774
3.616748,1193.714861
3.637182,1193.203121
3.657615,1192.503779
3.678049,1192.638788
3.698482,1192.740748
3.718916,1191.802425
3.739349,1190.495876
3.759783,1191.994466
3.780217,1190.913397
3.800650,1192.645401
3.821084,1192.132653
3.841518,1191.178028
3.861951,nan
3.882385,1194.571213
3.902818,1195.082222
3.923252,1193.854323
3.943686,1193.838205
3.964119,1192.641410
3.984553,1193.697668
4.004986,1193.056537
4.025420,1193.364946
4.045854,1192.693374
4.066287,1192.991686
4.086721,1192.881672
4.107155,1193.630997
4.127588,1192.651175
4.148022,1192.857266
4.168455,1194.334252
4.188889,1193.356769
4.209322,1193.478493
4.229756,1194.915822
4.250190,1194.234689
4.270623,1194.618413
4.291057,1194.030945
4.311490,1194.049810
4.331924,1194.284945
4.352358,1194.325134
4.372791,1193.979385
4.393225,1194.534593
4.413658,1194.220131
4.434092,1194.265845
4.454526,1194.033239
4.474959,1193.725014
4.495393,1194.789429
4.515826,1194.698936
4.536260,1194.890635
4.556694,1194.799867
4.577127,1194.668816
4.597561,1193.815100
4.617994,1194.034765
4.638428,1194.704130
4.658862,1193.677211
4.679295,1194.339335
4.699729,1194.760153
4.720162,1196.318195
4.740596,1192.421847
4.761030,1193.059352
4.781463,1195.633379
4.801897,1193.454797
4.822331,1193.736420
4.842764,1193.351660
4.863198,1193.840508
4.883631,1193.359269
4.904065,1194.996285
4.924499,1193.083246
4.944932,1192.859474
4.965366,1195.275425
4.985799,1192.914644
5.006233,1191.957150
5.026667,1192.839497
5.047100,1191.825269
5.067534,1192.461241
5.087967,1192.030181
5.108401,1192.197046
5.128835,1192.361866
5.149268,1193.714113
5.169702,1192.546173
5.190135,1191.566345
5.210569,1191.953869
5.231003,1192.857464
5.251436,1192.927394
5.271870,1193.563158
5.292303,1193.002595
5.312737,1192.756402
5.333171,1193.402331
5.353604,1193.034382
5.374038,1191.244943
5.394471,1192.075570
5.414905,1194.061774
5.435339,1193.351996
5.455772,1194.143804
5.476206,1193.196454
5.496639,1192.269422
5.517073,1191.811420
5.537507,1192.645853
5.557940,1193.645867
5.578374,1192.842536
5.598807,1194.329276
5.619241,1194.633815
5.639675,1192.635443
5.660108,1192.712077
5.680542,1192.336197
5.700975,1193.351745
5.721409,1194.686996
5.741843,1192.987718
5.762276,1193.326679
5.782710,1194.030713
5.803144,1194.563298
5.823577,nan
5.844011,1192.610012
5.864444,1193.252734
5.884878,1193.491710
5.905312,1194.025424
5.925745,1194.342218
5.946179,1193.225206
5.966612,1192.972756
5.987046,1192.903108
6.007479,1193.829064
6.027913,1192.873374
6.048347,1192.851301
6.068780,1192.724480
6.089214,1193.716933
6.109648,1193.336738
6.130081,1193.014586
6.150515,1192.720639
6.170948,1192.351185
6.191382,1192.860882
6.211816,1192.865461
6.232249,1192.264295
6.252683,1191.851849
6.273116,1192.227041
6.293550,1191.775527
6.313984,1192.458022
6.334417,1192.005752
6.354851,1191.142145
6.375284,1190.911066
6.395718,1194.382624
6.416152,1193.992813
6.436585,1192.445113
6.457019,1191.433541
6.477452,1194.564221
6.497886,1192.159064
6.518320,1192.519700
6.538753,1191.368685
6.559187,1192.996615
6.579621,1194.131893
6.600054,1193.667730
6.620488,1192.251677
6.640921,1191.857841
6.661355,1192.823143
6.681788,1192.585370
6.702222,1192.251088
6.722656,1192.903500
6.743089,1193.704553
6.763523,1191.682963
6.783956,1193.428341
6.804390,1192.524249
6.824824,1192.348770
6.845257,1191.665930
6.865691,1191.155790
6.886125,1192.839755
6.906558,1193.340061
6.926992,1194.144219
6.947425,1194.562152
6.967859,1194.843561
6.988292,1195.241132
7.008726,1194.898666
7.029160,1196.540549
7.049593,1196.992003
7.070027,1196.641903
7.090461,1195.706822
7.110894,1195.826794
7.131328,1195.346051
7.151761,1195.752585
7.172195,1196.715752
7.192629,1195.734094
7.213062,1195.290523
7.233496,1196.766723
7.253929,1195.621219
7.274363,1195.679383
7.294796,1196.315046
7.315230,1197.174908
7.335664,1195.265268
7.356098,1197.347013
7.376531,1196.460839
7.396965,1195.076844
7.417398,1196.411569
7.437832,1196.383375
7.458265,1196.962165
7.478699,1197.589210
7.499133,1196.295188
7.519566,1197.725642
7.540000,1197.467254
7.560433,1196.002129
7.580867,1197.919996
7.601301,1197.646921
7.621734,1197.601886
7.642168,1197.136910
7.662602,1197.927301
7.683035,1198.371624
7.703469,1197.687490
7.723902,1197.895076
7.744336,1197.545412
7.764769,1197.138131
7.785203,nan
7.805637,1195.092711
7.826070,1195.081911
7.846504,1194.600186
7.866937,1194.546073
7.887371,1195.615724
7.907805,1195.521548
7.928238,1197.260797
7.948672,1196.601742
7.969106,1196.093308
7.989539,1196.575608
8.009973,1194.985155
8.030406,1195.293332
8.050840,1195.128796
8.071274,1195.374806
8.091707,1196.306753
8.112141,1196.893925
8.132574,1196.176737
8.153008,1196.499110
8.173442,1198.274117
8.193875,1197.125328
8.214309,1198.047741
8.234742,1197.470546
8.255176,1197.562553
8.275610,1197.430683
8.296043,1196.144875
8.316477,1196.929868
8.336910,1197.249651
8.357344,1197.563330
8.377778,1196.858829
8.398211,1198.095735
8.418645,1196.942626
8.439078,1198.671355
8.459512,1198.503111
8.479946,1198.419218
8.500379,1199.402952
8.520813,1200.805266
8.541246,1199.590513
8.561680,1199.521902
8.582114,1198.835438
8.602547,nan
8.622981,nan
8.643414,nan
8.663848,nan
8.684282,nan
8.704715,nan
8.725149,1199.788830
8.745582,1201.081783
8.766016,1201.751568
8.786450,1200.709194
8.806883,1198.703347
8.827317,1200.384635
8.847750,nan
8.868184,1202.044467
8.888618,1200.195740
8.909051,1202.939124
8.929485,1202.341356
8.949918,1201.371518
8.970352,1202.242622
8.990786,1202.713336
9.011219,1196.854100
9.031653,1195.320818
9.052086,1194.914033
9.072520,1198.052225
9.092954,1197.023570
9.113387,1196.653557
9.133821,1197.262815
9.154254,1198.512121
9.174688,1197.751791
9.195122,1196.463195
9.215555,1197.600512
9.235989,1197.205667
9.256422,1196.213321
9.276856,1197.066097
9.297290,1197.349042
9.317723,1198.173248
9.338157,1196.409295
9.358591,1197.318805
9.379024,1196.174167
9.399458,1197.641922
9.419891,1198.097347
9.440325,1195.981986
9.460759,1195.930712
9.481192,1195.603982
9.501626,1196.356265
9.522059,1195.868035
9.542493,1197.088112
9.562926,1197.215550
9.583360,1197.438487
9.603794,1195.246363
9.624227,1196.438130
9.644661,1197.468376
9.665095,1196.618874
9.685528,1198.098630
9.705962,1198.091872
9.726395,1199.874996
9.746829,nan
9.767263,1193.404149
9.787696,1193.846157
9.808130,1194.569790
9.828563,1194.587856
9.848997,1195.457241
9.869431,1194.829434
9.889864,1196.116055
9.910298,1196.454176
9.930731,1196.762023
9.951165,1198.088971
9.971599,1195.565275
9.992032,1196.385188
10.012466,1196.998721
10.032899,1196.552984
10.053333,1196.633875
10.073767,1196.101851
10.094200,1196.219104
10.114634,1196.616523
10.135067,1196.304347
10.155501,1197.060409
10.175935,1195.549625
10.196368,1195.995506
10.216802,1195.151226
10.237235,1195.714660
10.257669,1198.472553
10.278103,1197.626564
10.298536,1198.210872
10.318970,1198.776618
10.339404,1197.179530
10.359837,1197.573409
10.380271,1197.631473
10.400704,1199.000449
10.421138,1198.049960
10.441572,1198.600813
10.462005,1199.280135
10.482439,1198.379838
10.502872,nan
10.523306,1199.517464
10.543739,1199.130234
10.564173,1199.234948
10.584607,nan
10.605040,1198.070823
10.625474,1199.748664
10.645907,1199.374380
10.666341,1198.978124
10.686775,1199.229771
10.707208,1199.328830
10.727642,1193.288850
10.748076,1192.612274
10.768509,1194.833159
10.788943,1194.931777
10.809376,1195.464226
10.829810,1194.572358
10.850244,1195.254098
10.870677,1195.778246
10.891111,1195.200716
10.911544,1194.753681
10.931978,1197.015355
10.952412,1195.997976
10.972845,1197.476813
10.993279,1197.445152
11.013712,1196.748946
11.034146,1197.237920
11.054580,1198.481190
11.075013,1197.571149
11.095447,1197.467627
11.115880,1197.540374
11.136314,1196.604821
11.156748,1198.215105
11.177181,1198.483836
11.197615,1199.157718
11.218048,1199.582199
11.238482,1199.765469
11.258916,1199.534957
11.279349,1200.979888
11.299783,1200.385308
11.320216,1200.547738
11.340650,1200.715160
11.361084,1200.974622
11.381517,1201.499409
11.401951,1201.160859
11.422384,1202.592219
11.442818,1201.778133
11.463252,nan
11.483685,1200.296607
11.504119,1201.233293
11.524552,1202.142147
11.544986,1201.922177
11.565420,1200.030454
11.585853,1200.931211
11.606287,1202.598692
11.626720,1203.355233
11.647154,1204.062988
11.667588,1203.089160
11.688021,1202.759753
11.708455,nan
11.728889,1198.617317
11.749322,1199.440455
11.769756,1200.274550
11.790189,1200.514497
11.810623,1199.498599
11.831056,1199.498615
11.851490,1199.980031
11.871924,1199.963784
11.892357,1200.647895
11.912791,1201.101743
11.933224,1199.703261
11.953658,1199.579314
11.974092,1199.882614
11.994525,1199.846192
12.014959,1200.538651
12.035393,1199.602256
12.055826,1200.038176
12.076260,1199.580784
12.096693,1200.280291
12.117127,1199.694110
12.137561,1199.613122
12.157994,nan
12.178428,nan
12.198861,1196.036196
12.219295,1194.063300
nan,nan
nan,nan
nan,nan
12.301029,1195.808772
12.321463,1196.052699
12.341897,1195.156159
12.362330,1194.903733
12.382764,1195.809877
12.403197,1195.154898
12.423631,1196.136782
12.444065,1196.281213
12.464498,1196.205783
12.484932,1195.019327
12.505365,1196.688167
12.525799,1194.975048
12.546233,1196.290250
12.566666,1196.394881
12.587100,1197.518677
12.607533,1198.282853
12.627967,1195.966341
12.648401,1197.154712
12.668834,1196.489143
12.689268,1196.068093
12.709701,1197.784544
12.730135,1198.327147
12.750569,1198.091383
12.771002,nan
12.791436,1198.159860
12.811870,nan
12.832303,nan
12.852737,nan
12.873170,1199.704112
12.893604,1200.339471
12.914037,1199.618631
12.934471,nan
12.954905,1200.651697
12.975338,1201.520459
12.995772,1202.412292
13.016206,1200.581593
13.036639,1201.239996
13.057073,1201.343467
13.077506,1200.904091
13.097940,1200.605584
13.118374,1200.070139
13.138807,1202.207058
13.159241,1201.537458
13.179674,1198.703013
13.200108,1197.767887
13.220542,1196.458295
13.240975,1198.204877
13.261409,1197.188144
13.281842,1198.097696
13.302276,1196.838315
13.322710,1197.855976
13.343143,1197.307684
13.363577,1197.442989
13.384010,1198.469577
13.404444,1199.638532
13.424878,1201.016828
13.445311,1199.109724
13.465745,1199.263166
13.486178,1200.676981
13.506612,1200.218760
13.527046,1200.378094
13.547479,1200.739698
13.567913,1200.724837
13.588347,1201.935562
13.608780,1200.326520
13.629214,1201.501524
13.649647,1199.980238
13.670081,nan
13.690514,1197.750328
13.710948,1196.633217
13.731382,1200.024456
13.751815,1198.428635
13.772249,1199.297135
13.792682,1198.457619
13.813116,1198.005056
13.833550,1199.384280
13.853983,1199.064529
13.874417,1198.512444
13.894851,1200.602534
13.915284,1201.824704
13.935718,1200.472168
13.956151,1199.341189
13.976585,nan
13.997019,1200.120989
14.017452,1200.546294
14.037886,1201.538372
14.058319,1202.275366
14.078753,1202.389800
14.099187,1201.876305
14.119620,1202.285784
14.140054,1203.083567
14.160487,1195.829744
14.180921,1197.138223
14.201354,1197.734860
14.221788,1195.794720
14.242222,1197.313676
14.262655,1196.253051
14.283089,1197.929051
14.303523,1197.129258
14.323956,1197.243329
14.344390,1196.360418
14.364823,1197.812489
14.385257,1195.289234
14.405691,1196.018909
14.426124,1196.154335
14.446558,1197.146135
14.466991,1197.428452
14.487425,1197.892044
14.507859,1196.427169
14.528292,1198.444186
14.548726,1196.542083
14.569159,1197.969634
14.589593,1197.460783
14.610027,1197.785379
14.630460,1199.391981
14.650894,1200.102464
14.671327,nan
14.691761,1198.876981
14.712195,1199.878681
14.732628,1198.023149
14.753062,1198.349742
14.773495,1198.046136
14.793929,1200.835257
14.814363,1201.076135
14.834796,1202.453712
14.855230,1202.306125
14.875663,1200.771942
14.896097,1193.626076
14.916531,1191.368830
14.936964,1192.181590
14.957398,1191.171020
14.977832,1193.184949
14.998265,1193.057956
15.018699,1193.939841
15.039132,1193.321555
15.059566,1193.433481
15.079999,1194.498538
15.100433,1194.758476
15.120867,1195.484725
15.141300,1194.550330
15.161734,1195.475432
15.182167,1195.898337
15.202601,1194.304323
15.223035,1196.286444
15.243468,1196.289962
15.263902,1195.260726
15.284336,1196.849764
15.304769,1197.110794
15.325203,1196.880454
15.345636,1196.451189
15.366070,1196.178159
15.386504,1195.622393
15.406937,1198.655105
15.427371,1198.127113
15.447804,1198.497184
15.468238,1198.720664
15.488672,1197.056170
15.509105,1198.118429
15.529539,nan
15.549972,1199.504551
15.570406,1199.350699
15.590840,1200.048560
15.611273,1198.225616
15.631707,nan
15.652140,nan
15.672574,1193.586939
15.693008,1194.940045
15.713441,1194.471617
15.733875,1194.188287
15.754308,1195.004421
15.774742,1195.909627
15.795176,1195.606530
15.815609,1195.023487
15.836043,1195.562528
15.856476,1196.519681
15.876910,1195.992912
15.897344,1195.658929
15.917777,1195.779165
15.938211,1196.978784
15.958644,1196.655451
15.979078,1195.120903
15.999512,1195.694878
16.019945,1196.955718
16.040379,1199.570884
16.060812,1197.669346
16.081246,1197.371909
16.101680,1198.244000
16.122113,1198.527333
16.142547,1199.390227
16.162980,1199.253549
16.183414,1199.688382
16.203848,1198.814033
16.224281,1199.420783
16.244715,1200.437905
16.265149,1199.276186
16.285582,1199.510204
16.306016,1199.720986
16.326449,1201.494756
16.346883,nan
16.367317,1194.275048
16.387750,1196.418948
16.408184,1195.665919
16.428617,1196.055969
16.449051,1195.632240
16.469484,1196.487235
16.489918,1194.851768
16.510352,1196.217730
16.530785,1195.636367
16.551219,1197.564482
16.571653,1197.774607
16.592086,1196.975048
16.612520,1197.103461
16.632953,1197.611004
16.653387,1198.804752
16.673821,1198.200626
16.694254,1197.465960
16.714688,1197.688642
16.735121,nan
16.755555,nan
16.775989,nan
16.796422,nan
16.816856,1200.304998
16.837289,1201.295158
16.857723,1200.362100
16.878157,nan
16.898590,1201.111607
16.919024,1200.873691
16.939457,1200.272126
16.959891,1201.058372
16.980325,1202.860215
17.000758,1202.380738
17.021192,1202.397228
17.041625,1202.600644
17.062059,1202.454497
17.082493,1200.080370
17.102926,1196.877718
17.123360,1198.583127
17.143793,1197.572838
17.164227,1198.698686
17.184661,1199.679269
17.205094,1199.643617
17.225528,1199.127497
17.245961,1200.757251
17.266395,1199.880901
17.286829,1200.798618
17.307262,1199.163601
17.327696,1200.094746
17.348130,1196.295099
17.368563,1191.382292
17.388997,1192.141227
17.409430,1191.840142
17.429864,1193.096952
17.450297,1193.285943
17.470731,1192.131678
17.491165,1193.877007
17.511598,1194.706753
17.532032,1194.326125
17.552466,1196.476256
17.572899,1195.043339
17.593333,nan
17.613766,1195.016355
17.634200,1195.855462
17.654634,1194.546620
17.675067,1195.399467
17.695501,1195.137408
17.715934,1194.821639
17.736368,1195.579843
17.756802,1196.632123
17.777235,1195.466209
17.797669,1195.038662
17.818102,1195.640514
17.838536,1196.819733
17.858970,1197.713441
17.879403,1197.139581
17.899837,1196.804156
17.920270,1197.692091
17.940704,1198.375026
17.961138,1198.300189
17.981571,1200.088460
18.002005,1198.719152
18.022438,nan
18.042872,1200.230617
18.063306,1200.270101
18.083739,1191.936911
18.104173,1192.818718
18.124607,1192.974038
18.145040,1192.991473
18.165474,1194.806919
18.185907,1196.054365
18.206341,1194.696831
18.226774,1195.695735
18.247208,1195.821733
18.267642,1196.583632
18.288075,1195.781054
18.308509,1177.351551
18.328942,1197.014089
18.349376,1197.839346
18.369810,1197.092640
18.390243,1197.030536
18.410677,1197.095142
18.431110,1196.186806
18.451544,1195.827735
18.471978,1197.335170
18.492411,1197.737788
18.512845,nan
18.533279,nan
18.553712,nan
18.574146,nan
18.594579,1199.629633
18.615013,1198.060774
18.635447,1200.058320
18.655880,1199.801845
18.676314,1198.892660
18.696747,1200.655898
18.717181,1199.755658
18.737615,1199.561011
18.758048,1201.304840
18.778482,1201.070781
18.798915,1200.738821
18.819349,1195.615463
18.839783,1195.627211
18.860216,1195.397655
18.880650,1194.564038
18.901083,1195.236592
18.921517,1196.539030
18.941951,1195.889866
18.962384,1195.979595
18.982818,1197.845324
19.003251,1199.159662
19.023685,1199.231568
19.044119,1198.877326
19.064552,1200.389081
19.084986,1199.182369
19.105419,1200.859446
19.125853,1199.525415
19.146287,1199.606179
19.166720,nan
19.187154,1200.372261
19.207588,1200.752682
19.228021,1205.966965
19.248455,1205.088297
19.268888,1201.883496
19.289322,1202.514039
19.309755,nan
19.330189,1197.619775
19.350623,1197.363146
19.371056,1199.101024
19.391490,1199.147172
19.411923,1199.275351
19.432357,1200.116054
19.452791,1199.173677
19.473224,1199.819678
19.493658,1199.923022
19.514091,1200.784912
19.534525,1201.520308
19.554959,nan
19.575392,1200.535503
19.595826,1201.704355
19.616260,1200.011635
19.636693,1199.524970
19.657127,1198.436131
19.677560,1199.304202
19.697994,1198.329988
19.718427,1198.893243
19.738861,1199.496058
19.759295,1201.079000
19.779728,nan
19.800162,1196.663306
19.820596,1195.938136
19.841029,1195.918226
19.861463,1197.151823
19.881896,1196.086471
19.902330,1196.382813
19.922764,1197.487993
19.943197,1197.293490
19.963631,1197.609906
19.984064,1196.113211
20.004498,1197.620910
20.024932,1199.378532
20.045365,1198.152213
20.065799,1196.816466
20.086232,1198.628445
20.106666,1198.545038
20.127100,1199.452110
20.147533,1199.935231
20.167967,1199.464984
20.188400,1199.205842
20.208834,1198.763667
20.229268,nan
20.249701,1198.639187
20.270135,1199.494119
20.290568,1195.289703
20.311002,1193.403688
20.331436,1195.166467
20.351869,1194.604172
20.372303,1194.483162
20.392736,1194.934662
20.413170,1194.973441
20.433604,1195.120375
20.454037,1195.601538
20.474471,1195.097837
20.494904,1197.082349
20.515338,nan
20.535772,1197.040569
20.556205,nan
20.576639,nan
20.597073,1198.161255
20.617506,nan
20.637940,1198.849705
20.658373,1198.239095
20.678807,1199.388496
20.699240,nan
20.719674,1199.947349
20.740108,1200.508026
20.760541,1201.047195
20.780975,1194.088218
20.801408,1193.700040
20.821842,1195.366795
20.842276,nan
20.862709,1194.782533
20.883143,1197.208810
20.903577,1193.347733
20.924010,1195.665371
20.944444,1196.110083
20.964877,1197.321275
20.985311,1197.117305
21.005745,1197.254745
21.026178,1199.118518
21.046612,1198.314566
21.067045,1197.650750
21.087479,1199.757439
21.107912,1199.658771
21.128346,1198.019318
21.148780,nan
21.169213,1200.167004
21.189647,1200.524598
21.210081,1201.554495
21.230514,1202.495645
21.250948,1200.065255
21.271381,1194.595558
21.291815,1194.210455
21.312249,1194.649009
21.332682,1195.854238
21.353116,1196.486549
21.373550,1196.173123
21.393983,1194.867179
21.414417,1194.832460
21.434850,1196.023340
21.455284,1196.311754
21.475717,1197.311716
21.496151,1197.276766
21.516585,nan
21.537018,1197.592249
21.557452,1198.162028
21.577885,1197.434724
21.598319,1199.157628
21.618753,1198.725197
21.639186,1198.148037
21.659620,1198.983391
21.680054,1198.123493
21.700487,1199.210619
21.720921,1198.480077
21.741354,1178.772851
21.761788,1198.398999
21.782221,1198.519640
21.802655,1200.068200
21.823089,1199.901905
21.843522,1199.870210
21.863956,1201.235082
21.884390,1198.901240
21.904823,1199.779081
21.925257,1199.174135
21.945690,1199.443822
21.966124,1201.459434
21.986558,1201.830562
22.006991,1196.400190
22.027425,1195.132948
22.047858,1194.238699
22.068292,1195.164653
22.088725,1196.813683
22.109159,1196.657425
22.129593,1198.737524
22.150026,nan
22.170460,nan
22.190894,nan
22.211327,1198.929010
22.231761,1199.171844
22.252194,1191.763013
22.272628,1191.889659
22.293062,1192.550330
22.313495,1194.886276
22.333929,1195.853203
22.354362,1194.009209
22.374796,1195.075709
22.395230,1195.720457
22.415663,1194.249970
22.436097,1195.819325
22.456530,1196.072556
22.476964,1195.808141
22.497398,1196.512776
22.517831,1198.242613
22.538265,nan
22.558698,nan
22.579132,nan
22.599566,1197.889276
22.619999,nan
22.640433,nan
22.660866,1199.260752
22.681300,1199.171586
22.701734,1200.242655
22.722167,1200.145842
22.742601,1191.610667
22.763034,1189.846572
22.783468,1190.439166
22.803902,1191.980857
22.824335,1191.765468
22.844769,1191.918732
22.865203,1195.087355
22.885636,1194.152842
22.906070,1196.020575
22.926503,1194.215700
22.946937,1194.495665
22.967371,1171.887690
22.987804,1194.903494
23.008238,1195.476793
23.028671,1195.507793
23.049105,1196.310441
23.069538,1196.390745
23.089972,1196.830270
23.110406,1196.330467
23.130839,1197.128101
23.151273,1197.106548
23.171707,1197.822905
23.192140,1199.380959
23.212574,1199.788855
23.233007,1198.359593
23.253441,nan
23.273875,1199.904388
23.294308,1199.459631
23.314742,1199.427472
23.335175,1200.606759
23.355609,1201.274681
23.376043,1201.603980
23.396476,1201.286184
23.416910,1200.234257
23.437343,1200.203082
23.457777,1196.914339
23.478211,nan
23.498644,1195.994575
23.519078,1195.839394
23.539511,1196.252298
23.559945,1196.670605
23.580379,1196.404739
23.600812,1196.929456
23.621246,1197.156140
23.641679,1198.211589
23.662113,1198.360986
23.682547,1198.880570
23.702980,1198.475648
23.723414,1198.680621
23.743847,1200.474651
23.764281,1200.125389
23.784715,1201.002887
23.805148,1200.710096
23.825582,1199.596871
23.846015,1199.583866
23.866449,1200.409850
23.886883,1200.170395
23.907316,nan
23.927750,1201.131689
23.948184,1200.839858
23.968617,1195.388449
23.989051,1195.161514
24.009484,1195.430002
24.029918,1195.347082
24.050351,1195.617326
24.070785,1196.304318
24.091219,1196.234178
24.111652,1195.604224
24.132086,1195.764677
24.152520,1197.744157
24.172953,1197.605050
24.193387,1175.918794
24.213820,1198.090160
24.234254,1196.811566
24.254688,1198.753683
24.275121,1198.085521
24.295555,1198.366699
24.315988,nan
24.336422,1198.809916
24.356856,1200.094521
24.377289,1200.534635
24.397723,1200.482734
24.418156,1200.302672
24.438590,1200.748813
24.459023,1192.399313
24.479457,1192.778755
24.499891,1192.765968
24.520325,1192.493767
24.540758,1194.629769
24.561192,1194.585769
24.581625,1194.726584
24.602059,1194.957730
24.622492,1195.332065
24.642926,1196.271463
24.663360,1195.086961
24.683793,nan
24.704227,nan
24.724660,nan
24.745094,nan
24.765528,nan
24.785961,1196.913959
24.806395,1198.365064
24.826828,1197.596919
24.847262,nan
24.867696,nan
24.888129,1198.406960
24.908563,nan
24.928997,nan
24.949430,1191.557470
24.969864,1193.152995
24.990297,1192.150132
25.010731,1193.664481
25.031164,1193.808468
25.051598,1192.263735
25.072032,1195.381965
25.092465,1195.421094
25.112899,1194.234283
25.133333,1196.411485
25.153766,1196.030398
25.174200,nan
25.194633,1197.660053
25.215067,1196.914834
25.235501,1198.169896
25.255934,1197.626991
25.276368,1198.652838
25.296801,1198.455918
25.317235,1198.437874
25.337669,1199.399428
25.358102,1200.577506
25.378536,1200.099922
25.398969,1200.862286
25.419403,1201.182060
25.439836,nan
25.460270,1198.754248
25.480704,1198.376929
25.501137,1199.753394
25.521571,1200.185168
25.542005,1199.380566
25.562438,1199.570714
25.582872,1201.292902
25.603305,nan
25.623739,1200.344346
25.644173,1200.777573
25.664606,1201.161960
25.685040,1194.027102
25.705473,1191.606105
25.725907,1192.154334
25.746341,1192.800764
25.766774,1192.946155
25.787208,1192.486607
25.807641,1193.511536
25.828075,1195.061434
25.848509,1195.054308
25.868942,1194.671890
25.889376,1194.546049
25.909809,1170.371906
25.930243,1194.860016
25.950677,1194.861565
25.971110,1195.683266
25.991544,1196.500804
26.011977,1195.772166
26.032411,1196.277904
26.052845,1196.440594
26.073278,1197.389428
26.093712,1196.116741
26.114145,1197.292191
26.134579,1198.330197
26.155013,1198.682829
26.175446,1198.162685
26.195880,1198.587620
26.216314,1198.551428
26.236747,1197.459390
26.257181,1198.806153
26.277614,1199.211652
26.298048,1199.116453
26.318482,1201.028492
26.338915,1199.570971
26.359349,1199.610685
26.379782,1199.354459
26.400216,1198.349088
26.420649,1191.530362
26.441083,1191.175299
26.461517,1191.398605
26.481950,1193.885421
26.502384,1193.940963
26.522818,1193.798832
26.543251,1196.092442
26.563685,1195.876990
26.584118,1193.305925
26.604552,nan
26.624986,1194.771973
26.645419,1173.560655
26.665853,1195.224378
26.686286,1194.974494
26.706720,1196.915167
26.727154,nan
26.747587,1197.008181
26.768021,1198.019310
26.788454,nan
26.808888,1197.771683
26.829322,1198.626696
26.849755,nan
26.870189,1198.809899
26.890622,1199.267780
26.911056,1192.237868
26.931490,1192.446481
26.951923,1194.113346
26.972357,1194.800231
26.992790,1194.583063
27.013224,1196.521535
27.033658,1195.072922
27.054091,1195.156536
27.074525,1196.608682
27.094958,1196.580480
27.115392,1197.035311
27.135826,1197.997716
27.156259,1197.826256
27.176693,1197.755620
27.197127,nan
27.217560,1198.592697
27.237994,1200.326858
27.258427,1200.040808
27.278861,nan
27.299295,1201.457684
27.319728,1201.867225
27.340162,1200.118804
27.360595,1201.511621
27.381029,1201.110980
27.401463,nan
27.421896,1197.564338
27.442330,1200.602784
27.462763,1199.066035
27.483197,1199.561757
27.503630,1200.251189
27.524064,1200.415002
27.544498,1201.406850
27.564931,nan
27.585365,1202.236784
27.605799,1201.505583
27.626232,1201.493902
27.646666,1195.042952
27.667099,1195.507224
27.687533,1195.134548
27.707967,1195.781313
27.728400,1196.089804
27.748834,1197.530334
27.769267,1198.326415
27.789701,1198.704276
27.810135,1200.347626
27.830568,1199.166268
27.851002,1199.439988
27.871435,1200.124353
27.891869,1199.372978
27.912303,nan
27.932736,1198.501905
27.953170,1200.521043
27.973603,1199.761023
27.994037,1201.384529
28.014471,1201.515102
28.034904,1201.532441
28.055338,1201.418655
28.075771,1200.302539
28.096205,1201.447255
28.116639,1201.194588
28.137072,1196.152525
28.157506,1195.446223
28.177939,1196.675539
28.198373,1197.647476
28.218807,1195.698596
28.239240,1196.432866
28.259674,1197.279313
28.280108,1196.785400
28.300541,1196.288802
28.320975,1197.623992
28.341408,1196.860410
28.361842,1196.898779
28.382276,1196.469830
28.402709,1196.682587
28.423143,1198.336307
28.443576,1197.327308
28.464010,1198.401942
28.484443,1198.054439
28.504877,nan
28.525311,1198.749674
28.545744,nan
28.566178,1199.908398
28.586612,1199.476917
28.607045,1198.202066
28.627479,1196.592758
28.647912,1191.073875
28.668346,1191.085495
28.688780,1191.353008
28.709213,1190.678968
28.729647,1191.517663
28.750080,1193.381544
28.770514,1193.616518
28.790948,1193.441694
28.811381,1194.801553
28.831815,1196.224598
28.852248,1173.695373
28.872682,1194.326670
28.893116,1196.013143
28.913549,1195.011262
28.933983,1194.209194
28.954416,1194.102729
28.974850,1194.670468
28.995284,1194.874965
29.015717,1196.963373
29.036151,1197.608435
29.056584,1197.101265
29.077018,1199.448155
29.097452,1197.368166
29.117885,1199.285360
29.138319,1197.815755
29.158752,1197.151040
29.179186,1198.264697
29.199620,1198.691954
29.220053,1199.393489
29.240487,1200.460259
29.260921,1200.996399
29.281354,1200.863616
29.301788,1199.776412
29.322221,1197.444702
29.342655,1197.241775
29.363089,nan
29.383522,1193.790086
29.403956,1193.649629
29.424389,1195.219163
29.444823,1195.447501
29.465256,1194.829383
29.485690,1195.398032
29.506124,1194.331817
29.526557,1194.016589
29.546991,1195.404322
29.567424,1195.523256
29.587858,1196.382668
29.608292,1195.668799
29.628725,1198.330094
29.649159,1197.414484
29.669593,1197.830163
29.690026,1197.175530
29.710460,1198.263328
29.730893,1197.476370
29.751327,1197.631771
29.771761,nan
29.792194,1198.017769
29.812628,1198.518174
29.833062,1199.964811
29.853495,1193.046574
29.873929,1194.711249
29.894362,1193.986933
29.914796,1193.277877
29.935229,1193.723484
29.955663,1194.720238
29.976097,1194.080639
29.996530,1193.963746
30.016964,1194.192800
30.037397,1194.527445
30.057831,1193.874541
30.078265,1195.407834
30.098698,1196.006435
30.119132,1196.900323
30.139565,1197.855247
30.159999,1196.158925
30.180433,1197.227194
30.200866,1197.497886
30.221300,1199.460166
30.241733,1198.751252
30.262167,1198.467548
30.282601,1199.287082
30.303034,1200.267471
30.323468,nan
30.343902,1192.568807
30.364335,1193.190044
30.384769,1193.369834
30.405202,1193.464541
30.425636,1193.611372
30.446069,1193.071140
30.466503,1193.152369
30.486937,1194.522672
30.507370,1193.996911
30.527804,1195.212244
30.548238,1194.493124
30.568671,1195.150171
30.589105,1194.899160
30.609538,1195.078254
30.629972,1195.759088
30.650406,1198.069740
30.670839,1197.399282
30.691273,nan
30.711706,nan
30.732140,nan
30.752574,nan
30.773007,nan
30.793441,1198.370054
30.813874,1198.447474
30.834308,1199.526667
30.854742,1198.765932
30.875175,1198.649192
30.895609,1200.024884
30.916043,1199.836671
30.936476,1199.483019
30.956910,1199.894194
30.977343,1198.682512
30.997777,1199.601806
31.018210,1199.311633
31.038644,1199.010307
31.059078,1198.948787
31.079511,1192.716194
31.099945,1192.649221
31.120378,1192.452365
31.140812,1193.168962
31.161246,1193.386047
31.181679,1193.520031
31.202113,1192.431238
31.222546,1194.827918
31.242980,1195.392567
31.263414,1196.234315
31.283847,1194.490615
31.304281,1197.086206
31.324715,nan
31.345148,1190.712495
31.365582,1190.399809
31.386015,1190.055225
31.406449,1191.006856
31.426883,1191.290425
31.447316,1191.990620
31.467750,1192.037739
31.488183,1192.461623
31.508617,1195.114484
31.529051,1192.742971
31.549484,1190.426267
31.569918,1195.040594
31.590351,1193.214127
31.610785,1191.550446
31.631219,1193.696458
31.651652,1192.804109
31.672086,1192.912372
31.692519,1193.273685
31.712953,1192.715566
31.733387,1192.297949
31.753820,1194.294273
31.774254,1195.801094
31.794687,1196.854547
31.815121,1196.566935
31.835555,1199.000758
31.855988,1195.916423
31.876422,1196.917254
31.896855,1197.335833
31.917289,1198.399798
31.937723,1198.191790
31.958156,1198.134971
31.978590,1198.574737
31.999023,1197.913063
32.019457,1197.450422
32.039891,1199.187611
32.060324,1200.227653
32.080758,1197.597696
32.101191,1199.088297
32.121625,1199.572794
32.142059,nan
32.162492,1198.819641
32.182926,1198.718710
32.203359,1200.190533
32.223793,1199.803713
32.244227,1200.258596
32.264660,1200.249011
32.285094,1200.719053
32.305528,1192.154670
32.325961,1193.375371
32.346395,1193.738001
32.366828,1194.554743
32.387262,1195.205125
32.407696,1194.890531
32.428129,1194.305474
32.448563,1195.383327
32.468996,1195.188616
32.489430,1194.274622
32.509863,1193.649434
32.530297,1195.506775
32.550731,1194.478563
32.571164,1195.142224
32.591598,1196.793212
32.612032,1197.919542
32.632465,1197.228467
32.652899,1199.051797
32.673332,nan
32.693766,nan
32.714200,nan
32.734633,nan
32.755067,nan
32.775500,nan
32.795934,1200.179255
32.816368,1198.366405
32.836801,1197.668505
32.857235,1199.695063
32.877668,1197.167799
32.898102,1198.788551
32.918536,1199.474306
32.938969,1200.116207
32.959403,1198.791053
32.979836,1200.926726
33.000270,1199.039831
33.020704,1198.525551
33.041137,1190.332020
33.061571,1189.826089
33.082005,1191.297086
33.102438,1192.296281
33.122872,1191.610052
33.143305,1192.956049
33.163739,1192.385718
33.184172,1193.432451
33.204606,1191.621250
33.225040,1192.456412
33.245473,1192.979909
33.265907,nan
33.286340,nan
33.306774,1193.034492
33.327208,1192.597962
33.347641,1191.857844
33.368075,1192.597350
33.388509,1193.076718
33.408942,1192.704655
33.429376,1193.349073
33.449809,1192.531885
33.470243,1193.427272
33.490676,1193.648214
33.511110,1192.640152
33.531544,1192.849394
33.551977,1191.665448
33.572411,1194.552425
33.592845,1194.074656
33.613278,1194.390344
33.633712,1194.586280
33.654145,1195.299898
33.674579,1194.189924
33.695013,1195.093499
33.715446,1194.549198
33.735880,1194.550551
33.756313,1195.079887
33.776747,1195.774798
33.797181,1195.826915
33.817614,1198.318497
33.838048,1197.537929
33.858481,1197.016322
33.878915,1196.122308
33.899349,1197.108542
33.919782,1198.257187
33.940216,1198.906636
33.960649,1197.789392
33.981083,1196.904781
34.001517,1196.596812
34.021950,1192.862085
34.042384,1190.992104
34.062817,1190.976597
34.083251,1190.782014
34.103685,1191.728910
34.124118,1192.912641
34.144552,1192.585248
34.164985,1194.249170
34.185419,1191.345710
34.205853,1192.828358
34.226286,1194.569063
34.246720,1192.749727
34.267153,1195.803821
34.287587,1193.720470
34.308021,1193.918468
34.328454,1194.155478
34.348888,1195.272831
34.369322,1194.650560
34.389755,1194.399261
34.410189,1194.102063
34.430622,1195.849163
34.451056,1195.153423
34.471490,1196.575238
34.491923,1196.593609
34.512357,nan
34.532790,nan
34.553224,nan
34.573658,nan
34.594091,nan
34.614525,nan
34.634958,1197.070358
34.655392,nan
34.675826,nan
34.696259,nan
34.716693,nan
34.737126,nan
34.757560,1196.989265
34.777994,nan
34.798427,1198.960117
34.818861,1198.626228
34.839294,1199.420964
34.859728,1198.465079
34.880162,1199.623137
34.900595,1198.026191
34.921029,1198.653053
34.941462,1199.566018
34.961896,1198.147070
34.982330,1199.431003
35.002763,1191.265473
35.023197,1189.504299
35.043630,1190.075156
35.064064,1191.542008
35.084498,1191.724315
35.104931,1190.682623
35.125365,1190.492738
35.145799,1191.037350
35.166232,1192.148435
35.186666,1190.855425
35.207099,1191.979652
35.227533,1163.979492
35.247966,nan
35.268400,1192.360437
35.288834,1190.696090
35.309267,1191.897626
35.329701,1192.816156
35.350134,1191.821969
35.370568,1192.980735
35.391002,1192.382459
35.411435,1192.612783
35.431869,1194.219233
35.452303,1194.782864
35.472736,1194.776497
35.493170,1192.975149
35.513603,1193.831272
35.534037,1193.482073
35.554470,1194.721374
35.574904,1194.745222
35.595338,1195.084255
35.615771,1195.445505
35.636205,1194.265669
35.656639,1194.785541
35.677072,1195.691277
35.697506,1195.759123
35.717939,1195.337710
35.738373,1196.384630
35.758807,1197.349560
35.779240,1196.306711
35.799674,1196.908451
35.820107,1197.583500
35.840541,1196.008305
35.860975,1195.728985
35.881408,1196.925595
35.901842,1196.755606
35.922275,1197.742587
35.942709,1199.181459
35.963143,1197.090542
35.983576,1199.218019
36.004010,1197.435516
36.024443,1197.893606
36.044877,1196.890249
36.065311,1198.541744
36.085744,nan
36.106178,1197.679699
36.126611,1198.214981
36.147045,1198.127704
36.167479,1198.149557
36.187912,1197.311670
36.208346,1198.321979
36.228780,1190.139862
36.249213,1192.674144
36.269647,1191.485526
36.290080,1191.657381
36.310514,1192.161878
36.330947,1191.238452
36.351381,1191.714870
36.371815,1193.016117
36.392248,1191.810755
36.412682,1192.235953
36.433116,1191.793356
36.453549,1193.213745
36.473983,1191.802927
36.494416,1193.209226
36.514850,1193.137974
36.535284,1194.080798
36.555717,1193.598710
36.576151,1192.342122
36.596584,1193.044418
36.617018,1193.293833
36.637452,1192.197422
36.657885,1192.406676
36.678319,1192.242412
36.698752,1195.200340
36.719186,1192.758349
36.739620,1192.683667
36.760053,1195.765357
36.780487,1193.120485
36.800920,1194.007351
36.821354,1195.265328
36.841788,1194.075429
36.862221,1195.578190
36.882655,1196.042832
36.903088,1196.364773
36.923522,1197.814353
36.943956,nan
36.964389,nan
36.984823,nan
37.005257,nan
37.025690,1197.192148
37.046124,1197.801812
37.066557,1198.775244
37.086991,1198.554219
37.107424,1201.107337
37.127858,1201.448734
37.148292,1201.366499
37.168725,1201.843590
37.189159,1199.962300
37.209592,nan
37.230026,1194.064578
37.250460,1193.574633
37.270893,1193.189544
37.291327,1194.936822
37.311761,1192.170079
37.332194,1194.902981
37.352628,1194.208812
37.373061,1195.592515
37.393495,1195.497848
37.413929,1196.133195
37.434362,1196.607195
37.454796,1196.855190
37.475229,1197.149075
37.495663,1195.528527
37.516097,1197.271869
37.536530,1197.347366
37.556964,1196.578012
37.577397,1196.698823
37.597831,1196.259909
37.618265,1196.317586
37.638698,1198.119648
37.659132,1196.619308
37.679565,1196.599002
37.699999,1196.451752
37.720433,1198.113067
37.740866,1196.433564
37.761300,1197.555944
37.781733,1196.152306
37.802167,1195.749772
37.822601,1196.933387
37.843034,1197.864899
37.863468,1197.714712
37.883901,1197.739987
37.904335,1197.011228
37.924769,1198.052177
37.945202,1192.119262
37.965636,1192.172734
37.986069,1191.950082
38.006503,1193.119155
38.026937,1192.629048
38.047370,1193.430567
38.067804,1191.954581
38.088238,1192.727274
38.108671,1193.189420
38.129105,1193.314809
38.149538,1194.031787
38.169972,1193.953051
38.190406,1193.792296
38.210839,1192.552269
38.231273,1194.074483
38.251706,1193.530658
38.272140,1194.186123
38.292573,1194.561206
38.313007,1194.816819
38.333441,1194.511495
38.353874,1195.879280
38.374308,1195.636107
38.394742,1195.902895
38.415175,1195.602544
38.435609,1196.898262
38.456042,1198.816783
38.476476,1197.992263
38.496910,1197.683977
38.517343,nan
38.537777,nan
38.558210,nan
38.578644,nan
38.599078,nan
38.619511,1198.357542
38.639945,1197.977708
38.660378,1199.340048
38.680812,nan
38.701246,nan
38.721679,nan
38.742113,nan
38.762546,nan
38.782980,1197.398052
38.803414,1197.400505
38.823847,1197.915898
38.844281,1199.055187
38.864714,1198.121235
38.885148,1200.535601
38.905582,1201.242448
38.926015,1189.876917
38.946449,1188.347080
38.966882,1188.858381
38.987316,1187.879751
39.007750,1189.254759
39.028183,1188.322637
39.048617,1190.324013
39.069050,1190.764383
39.089484,1190.663316
39.109918,1190.748406
39.130351,1189.997558
39.150785,1190.635045
39.171218,nan
39.191652,1192.523659
39.212086,1191.790766
39.232519,1192.263330
39.252953,1194.048220
39.273387,1193.735336
39.293820,1193.999328
39.314254,1194.950988
39.334687,1193.861085
39.355121,1195.523142
39.375554,1195.230976
39.395988,1194.976370
39.416422,1196.043541
39.436855,1194.777583
39.457289,1196.325896
39.477723,1196.626650
39.498156,1195.717932
39.518590,1194.481013
39.539023,1195.858350
39.559457,1195.934417
39.579891,1195.458544
39.600324,1196.890631
39.620758,1197.760828
39.641191,1196.965955
39.661625,1197.283829
39.682059,1198.312303
39.702492,1197.918539
39.722926,1198.244585
39.743359,1196.830760
39.763793,1198.258434
39.784227,1197.417983
39.804660,1197.644973
39.825094,1197.906925
39.845528,1197.729509
39.865961,1196.663679
39.886395,1197.007055
39.906828,1198.988022
39.927262,1198.719969
39.947695,1197.367137
39.968129,1198.462938
39.988563,1198.329645
40.008996,1199.112463
40.029430,1198.364275
40.049863,nan
40.070297,1197.986730
40.090731,1196.006804
40.111164,1197.424215
40.131598,1197.016294
40.152031,1191.923789
40.172465,1192.632777
40.192899,1192.331847
40.213332,1190.993512
40.233766,1193.122909
40.254200,1192.854694
40.274633,1191.424914
40.295067,1192.941436
40.315500,1192.542224
40.335934,1192.910392
40.356368,1193.788299
40.376801,1192.969312
40.397235,1193.966297
40.417668,1194.250207
40.438102,1192.882238
40.458535,1192.876297
40.478969,1192.681515
40.499403,1193.713296
40.519836,1194.271051
40.540270,1194.444994
40.560704,1194.967981
40.581137,1196.071842
40.601571,1196.983935
40.622004,1196.049613
40.642438,1195.197464
40.662872,1197.460738
40.683305,1196.749060
40.703739,1196.288336
40.724172,nan
40.744606,1197.181431
40.765040,nan
40.785473,1197.769897
40.805907,1198.194258
40.826340,1198.117051
40.846774,nan
40.867208,nan
40.887641,nan
40.908075,nan
40.928509,nan
40.948942,nan
40.969376,1198.272171
40.989809,1198.968726
41.010243,1197.853171
41.030676,1197.164551
41.051110,1197.861029
41.071544,1198.308732
41.091977,1199.043123
41.112411,1198.543144
41.132844,nan
41.153278,1198.495230
41.173712,1199.556665
41.194145,1199.335667
41.214579,1199.200227
41.235012,1199.079529
41.255446,1199.270511
41.275880,1199.545480
41.296313,1198.827021
41.316747,1199.528605
41.337181,1199.087696
41.357614,1198.687907
41.378048,1198.751121
41.398481,1199.596494
41.418915,1198.311288
41.439349,1199.474039
41.459782,1199.120598
41.480216,1199.239756
41.500649,1197.683210
41.521083,1198.285590
41.541517,1197.245039
41.561950,1197.674446
41.582384,1198.172720
41.602817,1197.396035
41.623251,1195.997416
41.643685,1190.020867
41.664118,1192.175283
41.684552,1189.675754
41.704985,1191.266683
41.725419,1190.370095
41.745853,1189.866077
41.766286,1190.334871
41.786720,1190.298483
41.807153,1190.447897
41.827587,1189.229552
41.848021,1189.547026
41.868454,1188.803713
41.888888,1190.257719
41.909321,1189.860663
41.929755,1189.939209
41.950189,1190.762055
41.970622,1190.085535
41.991056,1190.225371
42.011490,1189.893878
42.031923,1190.417817
42.052357,1190.556304
42.072790,1189.377472
42.093224,1190.063765
42.113658,1191.459892
42.134091,1190.240243
42.154525,1190.149072
42.174958,1191.721565
42.195392,1190.528186
42.215825,1190.958713
42.236259,1191.895922
42.256693,1191.002374
42.277126,1191.718593
42.297560,1192.323446
42.317994,1190.454688
42.338427,1191.120381
42.358861,1189.279514
42.379294,1190.099657
42.399728,1190.268657
42.420162,1192.735154
42.440595,1191.576407
42.461029,1191.233062
42.481462,1190.890707
42.501896,1190.903524
42.522330,1191.654798
42.542763,1190.761258
42.563197,1192.127183
42.583630,1194.065634
42.604064,1193.584772
42.624498,1192.209714
42.644931,1192.768892
42.665365,1193.197433
42.685798,1193.441770
42.706232,1193.931346
42.726666,1194.329980
42.747099,1194.333598
42.767533,1194.599827
42.787966,1193.409513
42.808400,1193.903404
42.828834,1193.266435
42.849267,1194.256786
42.869701,1195.208561
42.890134,1194.462223
42.910568,1195.098087
42.931002,1195.218327
42.951435,1195.683826
42.971869,nan
42.992303,1196.543957
43.012736,1197.777543
43.033170,1197.510607
43.053603,1195.681760
43.074037,nan
43.094471,nan
43.114904,nan
43.135338,nan
43.155771,nan
43.176205,nan
43.196639,nan
43.217072,nan
43.237506,1197.845343
43.257939,1198.879982
43.278373,1198.272965
43.298807,1197.406793
43.319240,1197.201571
43.339674,1193.050946
43.360107,1192.647013
43.380541,1191.320092
43.400975,1191.226199
43.421408,1191.753416
43.441842,1190.435997
43.462275,1191.850268
43.482709,1190.904214
43.503143,1190.704745
43.523576,1192.201416
43.544010,1190.737397
43.564443,1192.069588
43.584877,1191.521074
43.605311,1191.034421
43.625744,1191.720890
43.646178,1191.184863
43.666611,1190.832806
43.687045,1191.412679
43.707479,1192.379968
43.727912,1190.536028
43.748346,1192.183513
43.768780,1190.224590
43.789213,1190.311184
43.809647,1191.178594
43.830080,1190.927924
43.850514,1191.414439
43.870948,1190.290071
43.891381,1189.773072
43.911815,1191.087242
43.932248,1189.906713
43.952682,1190.355559
43.973115,1190.401517
43.993549,1191.425773
44.013983,1190.928559
44.034416,1191.601996
44.054850,1191.850291
44.075284,1191.125794
44.095717,1190.107232
44.116151,1190.947128
44.136584,1188.130917
44.157018,1189.392248
44.177452,1189.318589
44.197885,1189.519378
44.218319,1190.704674
44.238752,1190.975151
44.259186,1190.268595
44.279620,1190.293500
44.300053,1189.688824
44.320487,1188.635951
44.340920,1188.553607
44.361354,1190.090258
44.381788,1190.510698
44.402221,1188.489434
44.422655,1189.077989
44.443088,1190.876485
44.463522,1189.792701
44.483956,1190.623743
44.504389,1189.161757
44.524823,1189.199208
44.545257,1189.024229
44.565690,1187.939363
44.586124,1189.315600
44.606557,1188.636290
44.626991,1188.980500
44.647424,1187.616550
44.667858,1188.200116
44.688292,1186.666486
44.708725,1188.027385
44.729159,1188.806912
44.749592,1188.900812
44.770026,1187.855504
44.790460,1187.390287
44.810893,1187.177658
44.831327,1187.048925
44.851761,1185.982917
44.872194,1186.817960
44.892628,1186.493302
44.913061,1187.190829
44.933495,1186.062662
44.953929,1185.200283
44.974362,1185.915516
44.994796,1185.083026
45.015229,1186.029370
45.035663,1185.908253
45.056097,nan
45.076530,1184.391997
45.096964,1186.821577
45.117397,1186.474718
45.137831,1185.902622
45.158265,1184.212812
45.178698,1184.069134
45.199132,1185.686329
45.219565,1185.452511
45.239999,1184.889512
45.260433,1185.319752
45.280866,1185.578340
45.301300,1185.934237
45.321733,1184.854281
45.342167,1185.069115
45.362601,1186.689239
45.383034,1187.329578
45.403468,1185.718508
45.423901,1185.476721
45.444335,1186.228307
45.464769,1186.467286
45.485202,1186.767605
45.505636,1186.547395
45.526069,1187.235701
45.546503,1185.067657
45.566937,1184.686760
45.587370,1185.916581
45.607804,1186.326579
45.628238,1187.173097
45.648671,1186.981162
45.669105,1186.345052
45.689538,1185.059196
45.709972,1185.195051
45.730406,1184.479626
45.750839,1184.751688
45.771273,1184.833618
45.791706,1192.959614
45.812140,1193.576067
45.832574,1193.318412
45.853007,1194.080047
45.873441,1193.018036
45.893874,1192.800711
45.914308,1192.977398
45.934742,1193.121212
45.955175,1192.118216
45.975609,1192.549961
45.996042,1192.265077
46.016476,1191.431146
46.036910,1191.232993
46.057343,1191.853146
46.077777,1190.404904
46.098210,1191.054418
46.118644,1189.622805
46.139078,1189.770382
46.159511,1189.311443
46.179945,1189.761330
46.200378,1189.830233
46.220812,1189.988794
46.241246,1191.463334
46.261679,1191.576431
46.282113,1192.174216
46.302546,1190.373265
46.322980,1189.225744
46.343414,1189.539224
46.363847,1189.760621
46.384281,1189.568243
46.404715,1188.406813
46.425148,1188.398905
46.445582,1187.015267
46.466015,1186.867885
46.486449,1186.515883
46.506882,1186.178825
46.527316,1185.855612
46.547750,1184.823472
46.568183,1184.625315
46.588617,1184.327498
46.609051,1183.790666
46.629484,1183.858801
46.649918,1183.787069
46.670351,1184.201703
46.690785,1184.372264
46.711219,1182.849332
46.731652,1182.328903
46.752086,1181.846998
46.772519,1185.232700
46.792953,1184.475346
46.813387,1183.667248
46.833820,1183.646648
46.854254,1184.381916
46.874687,1184.059330
46.895121,1182.651096
46.915555,1182.824956
46.935988,1181.364385
46.956422,1179.354643
46.976855,1179.449807
46.997289,1178.550357
47.017723,nan
47.038156,nan
47.058590,nan
47.079024,nan
47.099457,nan
47.119891,nan
47.140324,nan
47.160758,nan
47.181191,nan
47.201625,nan
47.222059,nan
47.242492,nan
47.262926,1183.297857
47.283359,1185.891738
47.303793,1185.476829
47.324227,1185.838154
47.344660,1184.139460
47.365094,1184.959494
47.385528,1185.207076
47.405961,1184.471371
47.426395,1184.270006
47.446828,1184.695842
47.467262,1183.859333
47.487696,1183.114964
47.508129,1188.836429
47.528563,1188.076375
47.548996,1188.315620
47.569430,1188.189838
47.589864,1188.819293
47.610297,1188.837376
47.630731,1189.760982
47.651164,1188.093946
47.671598,1187.879780
47.692032,1188.291540
47.712465,1187.533677
47.732899,1186.952105
47.753332,1186.753959
47.773766,1185.976834
47.794200,1184.906243
47.814633,1185.800532
47.835067,1185.104455
47.855500,1184.200126
47.875934,1184.169479
47.896368,1184.053446
47.916801,1186.036669
47.937235,1185.008600
47.957668,1182.322081
47.978102,1183.459503
47.998536,1193.414424
48.018969,1193.135960
48.039403,1192.905995
48.059837,1191.469937
48.080270,1191.537488
48.100704,1191.197300
48.121137,1190.095251
48.141571,1190.390341
48.162005,1189.499560
48.182438,1189.401326
48.202872,1188.390216
48.223305,1187.761443
48.243739,1187.122577
48.264173,1186.658605
48.284606,1186.345060
48.305040,1185.650755
48.325473,1184.757475
48.345907,1184.292902
48.366341,1186.163092
48.386774,1183.943907
48.407208,1183.816626
48.427641,1182.543323
48.448075,1180.882849
48.468509,nan
48.488942,1192.580218
48.509376,1192.354343
48.529809,1192.029958
48.550243,1192.516574
48.570677,1188.120534
48.591110,1189.728521
48.611544,1190.546059
48.631978,1189.670709
48.652411,1188.947581
48.672845,1187.466632
48.693278,1184.817204
48.713712,1184.503347
48.734145,1186.051934
48.754579,1183.681638
48.775013,1184.262769
48.795446,1183.269799
48.815880,1179.171305
48.836313,nan
48.856747,1176.433267
48.877181,nan
48.897614,nan
48.918048,nan
48.938482,1166.808799
48.958915,1165.705951
48.979349,nan
48.999782,nan
49.020216,1186.363510
49.040649,1186.425770
49.061083,1184.697055
49.081517,1186.020734
49.101950,1184.203789
49.122384,1183.518607
49.142818,1184.943702
49.163251,1185.027009
49.183685,1183.769187
49.204118,nan
49.224552,1193.226756
49.244986,1194.570957
49.265419,1194.763749
49.285853,1194.910499
49.306286,1195.393666
49.326720,1195.155305
49.347154,1192.930143
49.367587,1190.606485
49.388021,1189.438264
49.408455,1189.554810
49.428888,1189.462328
49.449322,1189.059909
49.469755,1188.809379
49.490189,1189.018067
49.510622,1188.620344
49.531056,1186.605232
49.551490,1184.406922
49.571923,1184.380788
49.592357,1183.046951
49.612790,1183.286034
49.633224,1182.330496
49.653658,1184.068351
49.674091,1183.154207
49.694525,1180.604075
49.714959,1185.045769
49.735392,1183.773763
49.755826,1183.119246
49.776259,1182.445752
49.796693,1183.498990
49.817126,1184.531092
49.837560,1182.436006
49.857994,1180.525173
49.878427,1179.245840
49.898861,nan
49.919295,nan
49.939728,nan
49.960162,1187.639232
49.980595,1188.612557
50.001029,1187.012709
50.021463,1186.961699
50.041896,1186.578387
50.062330,1183.662063
50.082763,1182.967578
50.103197,1181.914609
50.123631,1183.547304
50.144064,1183.169538
50.164498,1182.142678
50.184931,nan
50.205365,1188.654273
50.225799,1185.260634
50.246232,1184.874876
50.266666,1183.765730
50.287099,1183.329557
50.307533,1182.459979
50.327967,1181.831002
50.348400,1180.763974
50.368834,1177.933234
50.389268,1178.000484
50.409701,1177.225471
50.430135,nan
50.450568,nan
50.471002,1195.688728
50.491436,nan
50.511869,nan
50.532303,1196.158195
50.552736,1194.207009
50.573170,1193.158417
50.593603,1189.629694
50.614037,1189.536831
50.634471,1188.719702
50.654904,1187.884507
50.675338,1187.507686
50.695772,1186.220089
50.716205,1187.331043
50.736639,1185.521615
50.757072,1184.630647
50.777506,1182.660342
50.797940,1180.075968
50.818373,nan
50.838807,nan
50.859240,1175.899962
50.879674,1174.895703
50.900108,1171.092775
50.920541,1169.065258
50.940975,nan
50.961408,1195.846756
50.981842,1195.194288
51.002276,1194.844219
51.022709,nan
51.043143,1195.257599
51.063576,1196.955944
51.084010,1195.653556
51.104444,1194.133656
51.124877,1192.402646
51.145311,1192.015756
51.165744,1190.259141
51.186178,1190.845485
51.206612,1187.155311
51.227045,1189.290085
51.247479,1188.375380
51.267912,1187.427757
51.288346,1188.305505
51.308780,1187.067769
51.329213,1185.999964
51.349647,1182.897690
51.370080,1184.775002
51.390514,1183.483975
51.410948,1182.540889
51.431381,1188.819753
51.451815,1187.442489
nan,nan
nan,nan
nan,nan
51.533549,1183.169007
51.553983,1184.391520
51.574417,1181.978138
51.594850,1181.222837
51.615284,nan
51.635718,1179.633944
51.656151,nan
51.676585,1194.474555
51.697018,1195.735366
51.717452,1196.332391
51.737885,1194.644937
51.758319,1193.982251
51.778753,1193.207016
51.799186,1190.024793
51.819620,1190.050806
51.840053,1188.497275
51.860487,1188.863632
51.880921,1189.432708
51.901354,nan
51.921788,1187.344485
51.942221,1185.259153
51.962655,1186.041258
51.983089,1185.453636
52.003522,1183.963156
52.023956,1183.657795
52.044389,1184.068228
52.064823,1181.771519
52.085257,1180.431674
52.105690,1178.507897
52.126124,nan
52.146558,nan
52.166991,1192.635979
52.187425,1193.205464
52.207858,1191.774578
52.228292,1191.593677
52.248726,1188.922473
52.269159,1188.385102
52.289593,1189.271481
52.310026,1188.756203
52.330460,1186.483624
52.350894,1186.097749
52.371327,1184.254156
52.391761,1183.148426
52.412194,1186.386820
52.432628,1185.283882
52.453062,1183.194073
52.473495,1183.471142
52.493929,1179.069050
52.514362,1175.803044
52.534796,nan
52.555230,1174.179387
52.575663,nan
52.596097,1172.629120
52.616530,1170.020092
52.636964,nan
52.657398,1187.464521
52.677831,1189.302522
52.698265,1186.481695
52.718699,1184.231356
52.739132,1183.196823
52.759566,1182.758154
52.779999,1181.465069
52.800433,1179.701547
52.820866,1178.175192
52.841300,1176.872670
52.861734,1176.991099
52.882167,1175.359032
52.902601,nan
52.923035,nan
52.943468,nan
52.963902,1194.525833
52.984335,1194.506250
53.004769,1192.251339
53.025203,1191.116376
53.045636,1191.796089
53.066070,1188.328760
53.086503,1188.770931
53.106937,1188.121246
53.127371,1189.507724
53.147804,1188.726891
53.168238,1187.841391
53.188671,1206.950081
53.209105,1185.603718
53.229539,1185.781176
53.249972,1184.068410
53.270406,1183.352767
53.290839,1183.160767
53.311273,1183.215019
53.331707,1181.710678
53.352140,1183.430251
53.372574,1181.247487
53.393007,1188.534338
53.413441,1185.652051
53.433875,1188.159295
53.454308,1185.367613
53.474742,1184.531489
53.495176,1184.797187
53.515609,1183.723324
53.536043,1183.009911
53.556476,nan
53.576910,1181.476651
53.597343,1179.922049
53.617777,1178.079370
53.638211,1195.101029
53.658644,1196.482271
53.679078,1195.996191
53.699511,1195.911423
53.719945,1194.166711
53.740379,1193.377996
53.760812,1190.043370
53.781246,1189.283673
53.801680,1188.744859
53.822113,1189.348526
53.842547,1187.931300
53.862980,nan
53.883414,1187.119059
53.903848,1185.026764
53.924281,1184.615693
53.944715,1184.124868
53.965148,1184.037049
53.985582,1183.715353
54.006016,1181.635152
54.026449,nan
54.046883,1176.697733
54.067316,nan
54.087750,1174.969767
54.108184,1174.833438
54.128617,1186.253472
54.149051,1188.396321
54.169484,1187.420025
54.189918,1186.457240
54.210352,1184.704589
54.230785,1182.786737
54.251219,1182.860382
54.271652,1183.679617
54.292086,1183.975597
54.312520,1180.811486
54.332953,1178.794828
54.353387,1177.220093
54.373821,1192.685105
54.394254,1194.159667
54.414688,1193.955075
54.435121,nan
54.455555,1193.451183
54.475989,1188.851329
54.496422,1189.492644
54.516856,1188.949211
54.537289,1189.131637
54.557723,1187.880915
54.578157,1187.618487
54.598590,nan
54.619024,1184.406043
54.639457,1183.675723
54.659891,1182.487965
54.680325,1183.121771
54.700758,1183.419638
54.721192,1181.057903
54.741625,1177.181296
54.762059,1177.328733
54.782493,1175.884139
54.802926,nan
54.823360,nan
54.843793,nan
54.864227,nan
54.884661,1184.747382
54.905094,1183.949478
54.925528,1183.561469
54.945961,1183.307682
54.966395,1183.053274
54.986829,1183.549539
55.007262,1182.886149
55.027696,1182.083221
55.048129,1181.925552
55.068563,1180.933784
55.088997,1179.738714
55.109430,1186.283678
55.129864,1188.887357
55.150297,1186.792184
55.170731,1187.271887
55.191165,1184.373618
55.211598,1184.049898
55.232032,1183.165475
55.252466,1183.209084
55.272899,1183.063104
55.293333,1181.593330
55.313766,1182.121143
55.334200,1179.427441
55.354634,nan
55.375067,1195.852144
55.395501,1194.031212
55.415934,1192.593202
55.436368,1190.635284
55.456802,1189.547825
55.477235,1189.746554
55.497669,1189.773209
55.518102,1187.993638
55.538536,nan
55.558970,1186.604406
55.579403,1184.935368
55.599837,1182.675877
55.620270,1182.730858
55.640704,1181.832178
55.661138,1182.403810
55.681571,1181.735672
55.702005,1180.289607
55.722439,1179.522562
55.742872,1176.660685
55.763306,1175.713014
55.783739,1175.516381
55.804173,nan
55.824606,nan
55.845040,1185.436318
55.865474,1186.981765
55.885907,1187.525214
55.906341,1186.940155
55.926774,1183.508297
55.947208,1182.735368
55.967642,1181.702443
55.988075,1181.280014
56.008509,1179.320016
56.028943,1178.044398
56.049376,1175.584653
56.069810,1175.480214
56.090243,1183.122004
56.110677,1182.580860
56.131111,1182.942604
56.151544,1182.789347
56.171978,1181.295849
56.192411,1180.407737
56.212845,1178.418646
56.233279,1176.973500
56.253712,1175.684996
56.274146,1174.253913
56.294579,nan
56.315013,nan
56.335447,1190.881987
56.355880,1194.265902
56.376314,1192.058726
56.396748,1189.963140
56.417181,1187.803907
56.437615,1186.983534
56.458048,1185.825762
56.478482,1184.999665
56.498915,1184.744099
56.519349,1183.192321
56.539783,1183.544638
56.560216,nan
56.580650,1184.983851
56.601083,1182.961265
56.621517,1182.986041
56.641951,1183.438907
56.662384,1181.896483
56.682818,1181.533609
56.703251,1177.717486
56.723685,1176.096653
56.744119,1174.591724
56.764552,1175.235685
56.784986,1172.972903
56.805420,nan
56.825853,nan
56.846287,1186.225969
56.866720,1188.977091
56.887154,1185.498408
56.907588,1185.535194
56.928021,1185.013313
56.948455,1184.308923
56.968888,1182.770375
56.989322,1182.347594
57.009756,1182.081030
57.030189,1182.950511
57.050623,1181.498863
57.071056,1190.576990
57.091490,1192.455989
57.111924,1194.034593
57.132357,1191.826087
57.152791,1188.831391
57.173224,1188.777159
57.193658,1188.628165
57.214092,1188.471548
57.234525,1187.180887
57.254959,1187.134295
57.275392,nan
57.295826,nan
57.316260,1185.161960
57.336693,1184.840409
57.357127,1182.416507
57.377560,1182.074878
57.397994,1181.314142
57.418428,1181.405491
57.438861,1181.574788
57.459295,1179.839815
57.479729,1179.562119
57.500162,1177.028057
57.520596,1175.725748
57.541029,nan
57.561463,1188.721712
57.581897,1188.030444
57.602330,1187.714141
57.622764,1187.324170
57.643197,1188.272669
57.663631,1187.132820
57.684065,1185.138113
57.704498,1183.207360
57.724932,1183.417230
57.745365,1181.949533
57.765799,1181.606064
57.786233,1180.296429
57.806666,1186.561143
57.827100,1187.137928
57.847533,1184.642692
57.867967,1182.253582
57.888401,1183.095352
57.908834,1182.139988
57.929268,1182.336618
57.949701,1180.893502
57.970135,1179.010013
57.990569,1176.469851
58.011002,nan
58.031436,nan
58.051870,1190.524801
58.072303,1189.726997
58.092737,1188.102875
58.113170,1186.432188
58.133604,1186.211342
58.154037,1185.384496
58.174471,1184.070786
58.194905,1185.576918
58.215338,nan
58.235772,1183.337912
58.256206,1182.066057
58.276639,nan
58.297073,1182.037872
58.317506,1179.124928
58.337940,1178.397751
58.358374,1174.624152
58.378807,1173.681084
58.399241,1173.600693
58.419674,1172.431986
58.440108,1172.763264
58.460542,1170.032066
58.480975,nan
58.501409,nan
58.521842,nan
58.542276,1178.981645
58.562710,1180.777956
58.583143,1179.385789
58.603577,1178.459202
58.624010,1175.636283
58.644444,1175.530742
58.664878,1174.297282
58.685311,nan
58.705745,nan
58.726179,nan
58.746612,nan
58.767046,nan
58.787479,nan
58.807913,1186.748495
58.828347,1186.238129
58.848780,1184.141620
58.869214,1186.995920
58.889647,1184.096699
58.910081,1184.818235
58.930514,1182.490558
58.950948,1181.389596
58.971382,1180.902647
58.991815,1180.232165
59.012249,1180.175749
59.032683,1190.287520
59.053116,1191.022213
59.073550,1189.457128
59.093983,1186.997715
59.114417,1188.930593
59.134851,1187.915645
59.155284,1185.807372
59.175718,1185.585381
59.196151,1183.139607
59.216585,1183.100993
59.237019,1182.056244
59.257452,1180.658267
59.277886,1192.666032
59.298319,1192.526024
59.318753,1190.719237
59.339187,1189.762878
59.359620,1187.867192
59.380054,1188.608262
59.400487,1187.687553
59.420921,1186.486199
59.441355,1186.558883
59.461788,1184.974268
59.482222,1184.067698
59.502656,1183.037027
59.523089,nan
59.543523,1193.595759
59.563956,1194.621503
59.584390,1193.179814
59.604824,1190.459623
59.625257,1189.454617
59.645691,nan
59.666124,1187.355813
59.686558,1186.507457
59.706991,1185.943021
59.727425,1185.923023
59.747859,nan
59.768292,1183.284373
59.788726,1183.511642
59.809160,1181.368243
59.829593,nan
59.850027,1178.455943
59.870460,1177.807281
59.890894,1176.766440
59.911328,1173.751550
59.931761,nan
59.952195,1172.582593
59.972628,1171.224737
59.993062,1167.799461
60.013496,1185.206780
60.033929,1186.971676
60.054363,1185.652809
60.074796,1185.527573
60.095230,1185.210899
60.115664,1185.035174
60.136097,1183.878526
60.156531,1180.636026
60.176964,1181.574433
60.197398,1181.406896
60.217832,1179.100129
60.238265,1176.734745
60.258699,1185.261279
60.279133,1185.970091
60.299566,1184.362520
60.320000,1182.463289
60.340433,1183.046356
60.360867,1180.610263
60.381301,1180.106409
60.401734,1178.788503
60.422168,nan
60.442601,1174.447315
60.463035,1173.648900
60.483469,nan
60.503902,1190.261640
60.524336,1192.156886
60.544769,1190.137420
60.565203,1188.709498
60.585637,1187.391606
60.606070,1186.048341
60.626504,1186.359005
60.646938,1184.927054
60.667371,1183.359046
60.687805,1182.256516
60.708238,1180.289334
60.728672,nan
60.749105,nan
60.769539,1189.315507
60.789973,1187.912818
60.810406,1186.620757
60.830840,1188.516443
60.851273,1186.616214
60.871707,1186.351793
60.892141,1185.123581
60.912574,1185.691614
60.933008,1183.903701
60.953441,1184.059118
60.973875,1183.116604
60.994309,1185.030534
61.014742,1187.218113
61.035176,1186.212524
61.055610,1185.514499
61.076043,1182.793119
61.096477,1182.237280
61.116910,1182.116844
61.137344,1179.753992
61.157778,1179.328483
61.178211,1178.418336
61.198645,1177.328245
61.219078,nan
61.239512,1189.757693
61.259946,1187.550495
61.280379,1186.655484
61.300813,1187.077232
61.321246,1187.075083
61.341680,1186.344921
61.362114,1185.526756
61.382547,1184.097898
61.402981,1183.243684
61.423414,1182.982434
61.443848,1180.997931
61.464282,1181.129897
61.484715,1184.299700
61.505149,1182.382026
61.525582,1182.743880
61.546016,1182.495679
61.566450,1181.264884
61.586883,1176.207353
61.607317,1175.963602
61.627750,1174.414190
61.648184,nan
61.668618,nan
61.689051,1169.453304
61.709485,1168.022555
61.729919,1185.297182
61.750352,1188.148895
61.770786,1186.053567
61.791219,1186.036220
61.811653,1185.376058
61.832087,1183.984846
61.852520,1181.855603
61.872954,1181.890179
61.893387,1181.617571
61.913821,1179.784866
61.934255,1176.056238
61.954688,1175.782717
61.975122,1193.994165
61.995555,1195.012073
62.015989,1194.595223
62.036423,nan
62.056856,1191.027289
62.077290,1188.850723
62.097723,1187.206847
62.118157,1187.475863
62.138591,1186.753033
62.159024,1183.952920
62.179458,1181.369006
62.199892,nan
62.220325,1181.560517
62.240759,1180.639246
62.261192,1178.682399
62.281626,1175.702571
62.302059,1173.907652
62.322493,1173.443421
62.342927,nan
62.363360,nan
62.383794,nan
62.404227,nan
62.424661,1160.249686
62.445095,nan
62.465528,1178.174146
62.485962,1180.198415
62.506396,1177.098729
62.526829,1175.037248
62.547263,1173.966422
62.567696,1172.394916
62.588130,nan
62.608564,nan
62.628997,nan
62.649431,1161.604759
62.669864,nan
62.690298,nan
62.710732,nan
62.731165,nan
62.751599,nan
62.772032,nan
62.792466,nan
62.812900,1192.716213
62.833333,1190.553301
62.853767,1189.401234
62.874200,1188.232683
62.894634,1188.129258
62.915068,1185.615046
62.935501,nan
62.955935,1183.930460
62.976368,1189.498659
62.996802,1183.639012
63.017236,1182.755129
63.037669,1181.840096
63.058103,1181.802337
63.078537,1181.016965
63.098970,1179.554848
63.119404,1177.956429
63.139837,1176.299289
63.160271,1174.643702
63.180704,1175.047752
63.201138,1183.450284
63.221572,1186.112881
63.242005,1186.127138
63.262439,1183.865173
63.282873,1181.764340
63.303306,1180.694051
63.323740,1181.525761
63.344173,1178.139656
63.364607,1179.043550
63.385041,1177.266958
63.405474,1176.190744
63.425908,1173.723166
63.446341,1185.553604
63.466775,1187.287797
63.487209,1186.804448
63.507642,1185.652276
63.528076,1183.954537
63.548509,1180.991360
63.568943,1181.282644
63.589377,1180.116162
63.609810,1179.811524
63.630244,1179.047822
63.650677,1176.300453
63.671111,1175.345747
63.691545,1185.178944
63.711978,1186.681611
63.732412,1186.696984
63.752845,1185.039667
63.773279,1183.704168
63.793713,1183.549578
63.814146,1182.402991
63.834580,1181.292996
63.855014,1180.890226
63.875447,1179.443957
63.895881,1176.344667
63.916314,1175.011690
63.936748,1185.508277
63.957181,1186.905356
63.977615,1186.424077
63.998049,1186.132859
64.018482,1186.196026
64.038916,1184.122442
64.059349,1182.914176
64.079783,1181.601204
64.100217,1181.125332
64.120650,1180.107336
64.141084,1178.983951
64.161518,1176.888145
64.181951,1182.887198
64.202385,1181.084852
64.222818,1180.895632
64.243252,1178.827526
64.263686,1177.934639
64.284119,1176.260650
64.304553,1175.227425
64.324986,nan
64.345420,nan
64.365854,1169.100745
64.386287,1165.109259
64.406721,nan
64.427154,nan
64.447588,1195.551903
64.468022,1194.947927
64.488455,1193.220036
64.508889,1192.240328
64.529323,1190.947324
64.549756,1187.279738
64.570190,1186.758344
64.590623,1185.452533
64.611057,1184.368034
64.631491,1183.388778
64.651924,1180.199152
64.672358,nan
64.692791,1186.973898
64.713225,1186.169788
64.733659,1187.086540
64.754092,1186.370876
64.774526,1187.184700
64.794959,1184.361533
64.815393,1183.830131
64.835827,1182.317890
64.856260,1181.976638
64.876694,1181.381641
64.897128,1180.506875
64.917561,1192.462062
64.937995,nan
64.958428,1192.280000
64.978862,1192.438016
64.999295,1188.611791
65.019729,nan
65.040163,1187.777248
65.060596,1188.310477
65.081030,1188.040394
65.101463,1186.869133
65.121897,1185.225583
65.142331,nan
65.162764,1183.064725
65.183198,1182.668074
65.203632,1180.360365
65.224065,1180.810689
65.244499,1179.510896
65.264932,1177.161667
65.285366,1174.434034
65.305800,1174.176922
65.326233,1172.880397
65.346667,1171.232306
65.367100,1169.859068
65.387534,nan
65.407968,1183.092276
65.428401,1185.616424
65.448835,1183.746439
65.469268,1180.999733
65.489702,1180.163414
65.510136,1179.363685
65.530569,1178.625178
65.551003,1176.774247
65.571436,1174.070978
65.591870,1173.500682
65.612304,1171.702166
65.632737,1174.448852
65.653171,1181.587100
65.673604,1184.270039
65.694038,1182.222705
65.714472,1181.144037
65.734905,1179.879735
65.755339,1179.375279
65.775772,1179.436827
65.796206,1175.055428
65.816640,1173.712235
65.837073,1173.606305
65.857507,1172.446446
65.877940,nan
65.898374,1184.750077
65.918808,1186.148566
65.939241,1184.738103
65.959675,1186.218100
65.980108,1182.916522
66.000542,1182.079549
66.020976,1180.732178
66.041409,1180.721909
66.061843,1179.631647
66.082276,1175.994458
66.102710,1175.045650
66.123144,1174.156845
66.143577,1186.953745
66.164011,1186.521984
66.184445,1186.606534
66.204878,1185.110021
66.225312,1183.915173
66.245745,1181.982077
66.266179,1180.881005
66.286613,1179.991176
66.307046,1176.943924
66.327480,1175.512611
66.347913,1173.098022
66.368347,1171.566752
66.388781,1186.082861
66.409214,1188.379558
66.429648,1187.902671
66.450081,1185.819987
66.470515,1184.920942
66.490949,1183.186950
66.511382,1183.952205
66.531816,1182.323919
66.552250,1180.815072
66.572683,1179.875396
66.593117,1178.623940
66.613550,1176.871951
66.633984,nan
66.654417,1185.879380
66.674851,1186.670137
66.695285,1185.781550
66.715718,1185.902993
66.736152,1185.267116
66.756585,1186.526434
66.777019,1185.715355
66.797453,1182.466931
66.817886,1182.500640
66.838320,1180.094235
66.858754,1181.057012
66.879187,1188.533188
66.899621,1192.175294
66.920054,1190.529304
66.940488,1189.138403
66.960922,1188.671889
66.981355,1186.987961
67.001789,1186.454891
67.022222,1184.616092
67.042656,1183.703001
67.063090,1183.700680
67.083523,1182.355658
67.103957,1182.433718
67.124391,nan
67.144824,1195.149856
67.165258,1193.969307
67.185691,1192.650415
67.206125,1190.395065
67.226558,1188.626401
67.246992,1187.836293
67.267426,1185.985112
67.287859,nan
67.308293,1185.391179
67.328727,1183.178413
67.349160,1183.582397
67.369594,1181.275557
67.390027,1180.379992
67.410461,nan
67.430895,1176.382249
67.451328,1175.042376
67.471762,1173.589214
67.492195,1173.130131
67.512629,1172.652172
67.533062,1169.707985
67.553496,1170.106754
67.573930,1165.865179
67.594363,1164.448901
67.614797,1191.344784
67.635231,1195.285068
67.655664,1191.116963
67.676098,1190.187012
67.696531,1187.830719
67.716965,1186.316086
67.737399,1186.491110
67.757832,1185.572938
67.778266,nan
67.798699,1182.496858
67.819133,1184.121053
67.839567,nan
67.860000,1181.363684
67.880434,1180.372728
67.900868,1179.784164
67.921301,1178.727218
67.941735,nan
67.962168,nan
67.982602,1173.689390
68.003035,1173.098107
68.023469,1169.779379
68.043903,1168.777993
68.064336,1166.833172
68.084770,1164.506630
68.105203,1184.792944
68.125637,1188.062317
68.146071,1186.476634
68.166504,1185.846439
68.186938,1184.301031
68.207372,1183.817419
68.227805,1181.534874
68.248239,1181.558531
68.268672,1181.743411
68.289106,1180.544972
68.309539,1180.017540
68.329973,1177.226873
68.350407,1192.789995
68.370840,1192.574415
68.391274,1190.229929
68.411708,1190.705264
68.432141,1187.288604
68.452575,1187.941482
68.473008,1187.681332
68.493442,1187.506145
68.513876,1184.824719
68.534309,1184.291640
68.554743,1182.280606
68.575176,1180.823558
68.595610,nan
68.616044,nan
68.636477,nan
68.656911,nan
68.677344,nan
68.697778,1192.670134
68.718212,1192.777920
68.738645,1190.096609
68.759079,nan
68.779512,1187.730455
68.799946,1188.314188
68.820380,nan
68.840813,1186.938487
68.861247,1187.168126
68.881681,1186.236757
68.902114,1185.725871
68.922548,1184.643683
68.942981,1182.916922
68.963415,1183.786878
68.983849,1181.747682
69.004282,1180.567240
69.024716,1180.860939
69.045149,1178.911904
69.065583,1179.988767
69.086017,1188.010691
69.106450,1187.232870
69.126884,1186.343956
69.147317,1185.822135
69.167751,1185.950873
69.188185,1185.521555
69.208618,1183.214614
69.229052,1181.439602
69.249485,1182.955998
69.269919,1181.825017
69.290353,1180.413062
69.310786,1180.730264
69.331220,1188.841854
69.351653,1188.845010
69.372087,1187.970157
69.392521,1185.858362
69.412954,1185.331014
69.433388,1186.087246
69.453821,1184.793638
69.474255,1183.096834
69.494689,1184.886295
69.515122,1182.358883
69.535556,1180.411571
69.555989,1180.313508
69.576423,1191.121619
69.596857,1191.484540
69.617290,1191.588592
69.637724,1188.909987
69.658158,1187.176251
69.678591,1186.032210
69.699025,1186.208211
69.719458,nan
69.739892,1185.125873
69.760326,1184.982814
69.780759,1181.835385
69.801193,nan
69.821626,1181.431581
69.842060,nan
69.862494,nan
69.882927,1177.309589
69.903361,1174.068284
69.923794,1172.551868
69.944228,1172.278152
69.964662,1171.451260
69.985095,1169.177497
70.005529,1167.248590
70.025962,1165.935300
70.046396,nan
70.066830,1183.615499
70.087263,1184.212726
70.107697,1182.784448
70.128131,1179.891427
70.148564,1179.687912
70.168998,1178.773506
70.189431,1177.618595
70.209865,1178.296558
70.230298,1176.022088
70.250732,1173.562225
70.271166,1171.794409
70.291599,nan
70.312033,1185.552889
70.332466,1186.734037
70.352900,1185.285288
70.373334,1184.647469
70.393767,1183.761744
70.414201,1181.596283
70.434635,1181.036119
70.455068,1179.776796
70.475502,1180.834709
70.495935,1179.066921
70.516369,1176.379561
70.536803,1174.205291
70.557236,nan
70.577670,1189.024175
70.598103,1189.853997
70.618537,1188.375911
70.638971,1188.196726
70.659404,1187.666419
70.679838,1186.179653
70.700271,1185.183316
70.720705,1185.044415
70.741139,nan
70.761572,1185.191351
70.782006,nan
70.802439,1183.354514
70.822873,1181.965893
70.843307,1180.863146
70.863740,1180.026160
70.884174,1180.499861
70.904608,1179.332156
70.925041,1177.955124
70.945475,1175.522165
70.965908,1174.257272
70.986342,1172.911492
71.006775,1173.725784
71.027209,1173.588874
71.047643,1180.174356
71.068076,1179.975477
71.088510,1179.594037
71.108943,1180.543653
71.129377,1178.581795
71.149811,1180.162973
71.170244,1177.101307
71.190678,1176.111518
71.211112,1174.807940
71.231545,1173.685479
71.251979,1171.736958
71.272412,1171.296574
71.292846,1182.720082
71.313280,1182.554697
71.333713,1181.535414
71.354147,1181.959003
71.374580,1179.711392
71.395014,1178.585938
71.415448,1178.616265
71.435881,1177.359296
71.456315,1175.989099
71.476748,1175.203347
71.497182,1171.630361
71.517616,1173.345414
71.538049,1180.675755
71.558483,1181.501186
71.578916,1179.997538
71.599350,1180.524437
71.619784,1177.243661
71.640217,1177.020106
71.660651,1174.914290
71.681085,1173.604342
71.701518,1173.046394
71.721952,1171.882200
71.742385,1171.719372
71.762819,1168.556304
71.783253,1179.886120
71.803686,1181.085396
71.824120,1178.639615
71.844553,1178.399300
71.864987,1176.931452
71.885421,1174.481560
71.905854,1173.090125
71.926288,1171.485936
71.946721,1171.486269
71.967155,1170.111391
71.987589,1167.184287
72.008022,nan
72.028456,1181.188942
72.048889,1181.131345
72.069323,1181.242723
72.089757,1180.421854
72.110190,1178.341443
72.130624,1177.776431
72.151057,1175.672801
72.171491,1173.921886
72.191925,1172.458968
72.212358,1172.307140
72.232792,1171.428233
72.253225,1169.185558
72.273659,1180.773977
72.294093,1180.066318
72.314526,1179.223069
72.334960,1178.503311
72.355393,1175.288253
72.375827,1174.512963
72.396261,1171.194657
72.416694,1173.644942
72.437128,1171.398047
72.457562,nan
72.477995,nan
72.498429,nan
72.518862,nan
72.539296,1187.255445
72.559730,1186.682837
72.580163,1184.126908
72.600597,1183.199061
72.621030,1185.640071
72.641464,1183.367757
72.661898,1182.231332
72.682331,1180.724891
72.702765,1180.630191
72.723198,1179.615177
72.743632,1178.506937
72.764066,1189.325941
72.784499,1191.603883
72.804933,1190.314374
72.825366,1188.623489
72.845800,1187.781149
72.866234,1186.851106
72.886667,1186.976502
72.907101,1186.967081
72.927534,nan
72.947968,1185.187405
72.968402,1182.772374
72.988835,nan
73.009269,1182.357504
73.029702,1182.136839
73.050136,1181.261785
73.070570,1181.267970
73.091003,1181.935184
73.111437,1180.061403
73.131871,1179.025783
73.152304,1177.049139
73.172738,1175.590110
73.193171,1173.966753
73.213605,1173.321139
73.234039,1172.347431
73.254472,1179.799969
73.274906,1179.757452
73.295339,1184.156373
73.315773,1179.897870
73.336207,1177.951289
73.356640,1178.601415
73.377074,1177.391905
73.397507,1174.482708
73.417941,1173.797360
73.438375,1173.656780
73.458808,1170.404791
73.479242,nan
73.499675,1183.513122
73.520109,1184.039730
73.540543,1185.167702
73.560976,1184.386003
73.581410,1181.311527
73.601844,1179.457851
73.622277,1179.573950
73.642711,1180.681896
73.663144,1177.171729
73.683578,1177.018433
73.704012,nan
73.724445,nan
73.744879,1186.951996
73.765312,1187.349556
73.785746,1184.970141
73.806179,1185.951607
73.826613,1185.123851
73.847047,1185.729945
73.867480,1183.438759
73.887914,1183.422396
73.908348,1181.082693
73.928781,1180.399489
73.949215,1179.157943
73.969648,nan
73.990082,1189.863726
74.010516,1190.284880
74.030949,1187.719341
74.051383,1188.147067
74.071816,1188.041893
74.092250,nan
74.112684,1187.415875
74.133117,1185.675780
74.153551,1184.189850
74.173984,1183.537854
74.194418,1181.862537
74.214852,1181.137862
74.235285,1180.754813
74.255719,1180.425732
74.276152,1179.311605
74.296586,nan
74.317020,1173.284056
74.337453,1172.413692
74.357887,1171.800780
74.378320,1172.138474
74.398754,1169.094941
74.419188,nan
74.439621,nan
74.460055,nan
74.480489,nan
74.500922,1193.023491
74.521356,1191.118278
74.541789,1190.562170
74.562223,1188.364262
74.582657,1190.298405
74.603090,1187.647536
74.623524,1188.109100
74.643957,1188.287871
74.664391,1188.079028
74.684825,nan
74.705258,nan
74.725692,1185.048843
74.746125,1184.558850
74.766559,1183.867830
74.786993,1181.691640
74.807426,1181.333844
74.827860,1179.863769
74.848293,1181.081886
74.868727,1180.960105
74.889161,1180.846088
74.909594,1178.994090
74.930028,1176.761868
74.950461,1174.267670
74.970895,1185.671981
74.991329,1188.599079
75.011762,1187.361466
75.032196,1186.732126
75.052629,1188.099955
75.073063,1187.751021
75.093497,1186.361946
75.113930,1183.358115
75.134364,1185.074253
75.154798,1182.899018
75.175231,1182.363869
75.195665,1181.262917
75.216098,1185.150583
75.236532,1187.711851
75.256966,1186.766327
75.277399,1185.186716
75.297833,1184.230392
75.318266,1182.651278
75.338700,1182.467245
75.359134,1181.570634
75.379567,1179.934432
75.400001,1178.974196
75.420434,1179.552299
75.440868,1178.790941
75.461302,1186.454100
75.481735,1185.197115
75.502169,1183.487427
75.522603,1184.171790
75.543036,1183.787890
75.563470,1183.556783
75.583903,1181.777585
75.604337,1181.276747
75.624770,1181.731776
75.645204,1180.698054
75.665638,1179.182742
75.686071,1178.199919
75.706505,1184.742211
75.726938,1186.541569
75.747372,1184.564872
75.767806,1183.055606
75.788239,1181.958886
75.808673,1181.269651
75.829106,1179.129777
75.849540,1179.329384
75.869974,1177.967296
75.890407,1177.644785
75.910841,1175.458102
75.931275,1173.941328
75.951708,1180.122107
75.972142,1180.586910
75.992575,1180.653089
76.013009,1179.337656
76.033443,1177.523668
76.053876,1176.635182
76.074310,1175.092733
76.094743,1171.252862
76.115177,1171.051870
76.135611,nan
76.156044,1168.170985
76.176478,1166.180739
76.196911,1190.376547
76.217345,1196.100895
76.237779,1195.071069
76.258212,1194.305622
76.278646,1194.006343
76.299080,1193.068949
76.319513,1192.064766
76.339947,1189.844505
76.360380,1189.990946
76.380814,1186.697170
76.401247,1186.226017
76.421681,1185.290653
76.442115,nan
76.462548,1181.961417
76.482982,1179.571800
76.503416,1181.620938
76.523849,1180.616083
76.544283,1180.816061
76.564716,1178.805847
76.585150,1180.545663
76.605584,1176.998818
76.626017,1174.830289
76.646451,1174.093397
76.666884,1172.937228
76.687318,1182.969336
76.707752,1183.914915
76.728185,1183.767348
76.748619,1181.251959
76.769052,1180.762573
76.789486,1178.615967
76.809920,1179.784676
76.830353,1180.060831
76.850787,1179.569186
76.871220,1177.497267
76.891654,1177.807297
76.912088,1174.311061
76.932521,1180.696468
76.952955,1180.057938
76.973388,1180.344442
76.993822,1180.473963
77.014256,1178.279983
77.034689,1176.030057
77.055123,1178.469173
77.075556,1174.323016
77.095990,1174.473892
77.116424,1173.301027
77.136857,1173.184320
77.157291,nan
77.177725,1184.489958
77.198158,1187.408708
77.218592,1186.620680
77.239025,1185.661827
77.259459,1184.456826
77.279893,1183.993903
77.300326,1182.904577
77.320760,1180.734517
77.341193,1180.735976
77.361627,1180.019038
77.382061,1180.831527
77.402494,1178.197298
77.422928,1189.975137
77.443361,1190.628535
77.463795,1190.232768
77.484229,1186.788711
77.504662,1188.003799
77.525096,1187.704906
77.545529,1186.524184
77.565963,1185.024309
77.586397,1185.395437
77.606830,1182.580750
77.627264,nan
77.647697,nan
77.668131,1181.127186
77.688565,1178.533131
77.708998,1179.961971
77.729432,1178.419198
77.749865,1178.082398
77.770299,1175.506970
77.790733,1175.002360
77.811166,1172.655669
77.831600,1171.218707
77.852033,1171.724638
77.872467,1171.272596
77.892901,nan
77.913334,nan
77.933768,1180.591786
77.954202,1181.324388
77.974635,1181.860338
77.995069,1178.164700
78.015502,1179.620115
78.035936,1179.919709
78.056370,1177.285101
78.076803,1175.609115
78.097237,1174.040324
78.117670,1173.728237
78.138104,1172.013949
78.158538,nan
78.178971,1180.553845
78.199405,1180.693195
78.219838,1178.039702
78.240272,1178.062776
78.260706,1175.880716
78.281139,1175.433569
78.301573,1174.748671
78.322006,1173.153844
78.342440,1173.396085
78.362874,1171.430740
78.383307,1169.857997
78.403741,nan
78.424174,1185.368917
78.444608,1185.030002
78.465042,1182.584695
78.485475,1180.373022
78.505909,1179.558676
78.526343,1180.259832
78.546776,1178.449654
78.567210,1175.666087
78.587643,1175.144615
78.608077,1173.412186
78.628510,1173.026575
78.648944,nan
78.669378,1184.220110
78.689811,1184.748881
78.710245,1184.971527
78.730679,1182.721588
78.751112,1180.962249
78.771546,1182.575309
78.791979,1180.487862
78.812413,1179.590598
78.832847,1177.344056
78.853280,1174.666567
78.873714,1173.828602
78.894147,1173.537609
78.914581,1172.202113
